## -- Bunker Barge Statistics -- ##
MMSI	GrossProfit	OperCost	FuelDelivered	DriftTime	DriftCost	Distance	TIdleTime
81287376	0.00	4914.00	0	0	0	0.00	0
81289745	0.00	4914.00	0	0	0	0.00	0
81297090	43956.45	95995.90	5705	4	74.44	56.28	2860
81298298	30126.16	120482.62	3910	4	81.89	102.12	3109
81306632	9322.93	16146.12	1210	2	5270.44	28.67	869
81308415	5239.33	28431.51	680	2	17.06	16.66	1586
81314359	22344.21	80336.95	2900	4	63.56	35.66	3268
81322936	16503.90	49725.54	2142	4	37.44	33.73	3172
81323607	5493.59	31467.47	713	2	2867.84	16.41	1898
81327567	0.00	4914.00	0	0	0	0.00	0
81336520	68797.05	106358.14	8929	4	82.38	94.43	2192
81344194	118262.51	100088.87	15349	13	294.96	163.66	13
81347364	6703.26	125347.13	870	2	52.58	14.38	3895
81354716	14446.69	49006.22	1875	4	32.56	73.42	3136
81357025	23908.30	75180.70	3103	4	58.84	43.21	3119
81362184	9014.73	19743.10	1170	1	2687.52	12.30	1299
81368505	32730.42	106267.79	4248	6	8131.98	45.84	2920
81369174	11018.01	50790.64	1430	4	4707.58	76.63	1574
81375658	10324.57	139847.24	1340	5	128.28	76.86	3504
81377126	29817.96	51546.91	3870	6	54.07	90.20	2466
81377761	31836.65	94559.59	4132	2	34.84	17.09	3383
81386346	4468.84	8305.95	580	2	8.26	17.16	218
81393955	20186.84	96021.65	2620	4	73.35	53.62	3341
81395145	0.00	4914.00	0	0	0	0.00	0
81399088	20417.98	55160.36	2650	3	29.38	44.06	3027
81400913	7512.28	16767.53	975	2	25.50	17.87	367
81403938	34949.43	91726.07	4536	2	41.08	14.92	3437
81411062	0.00	4914.00	0	0	0	0.00	0
81412938	10863.91	110421.75	1410	4	86.60	46.18	3549
81422633	49218.90	140415.37	6388	2	49.95	75.61	3089
81429014	18877.00	126613.10	2450	6	1172.75	110.37	2963
81434229	7389.00	28658.35	959	4	2192.11	48.43	2693
81442836	5270.15	73845.48	684	0	0	6.13	4027
81446553	21766.34	101071.40	2825	4	4442.19	41.66	3078
81450488	0.00	4914.00	0	0	0	0.00	0
81454337	9631.13	123992.20	1250	3	69.77	65.38	3551
81460469	3428.68	11575.69	445	2	12.33	16.40	446
81465707	6595.39	52854.85	856	2	19.31	30.92	3709
81466919	12558.99	63813.93	1630	2	23.71	17.45	3686
81476600	5701.63	86092.32	740	3	11171.84	58.00	2773
81485506	26435.51	72368.89	3431	1	7.06	10.85	3584
81489568	0.00	107755.05	0	0	0	0.15	4252
81495691	17490.12	36975.47	2270	4	9848.03	41.11	1859
81498924	14485.21	98576.42	1880	1	15.77	31.26	3758
81500068	0.00	113329.92	0	1	24.78	5.16	4174
81500085	0.00	4914.00	0	0	0	0.00	0
81500549	0.00	4914.00	0	0	0	0.00	0
81504162	0.00	42001.35	0	1	8.46	5.11	4169
81506008	0.00	4914.00	0	0	0	0.00	0
81514583	9977.85	50839.02	1295	0	0	7.77	3944
81520298	4499.66	46538.14	584	0	0	22.42	4002
81521324	6780.31	56278.62	880	0	0	3.69	4061
81521353	1201.96	79462.72	156	0	0	22.08	4122
81530769	0.00	87802.58	0	0	0	22.00	4183
81532458	0.00	4914.00	0	0	0	0.00	0
81537473	0.00	4914.00	0	0	0	0.00	0
81540674	0.00	4914.00	0	0	0	0.00	0
81543889	0.00	64517.15	0	0	0	4.34	4237
81544992	7011.46	20991.32	910	2	67.80	17.11	2489
81547016	36444.18	91969.46	4730	2	32.24	12.74	3398
81556798	16873.73	105091.11	2190	2	11159.19	12.51	3812
81562085	4545.89	33460.40	590	2	10.95	36.84	3706
81569600	3159.01	52287.41	410	2	18.78	42.48	3899
81571648	0.00	4914.00	0	0	0	0.00	0
81574889	27968.79	82959.13	3630	2	28.94	30.65	3334
81582775	18306.84	93861.46	2376	2	33.05	51.62	3536
81585806	63449.85	101126.47	8235	6	112.72	96.59	2230
81587100	21419.62	105884.95	2780	2	41.54	13.93	3671
81590450	0.00	4914.00	0	0	0	0.00	0
81595692	0.00	4914.00	0	0	0	0.00	0
81597018	0.00	4914.00	0	0	0	0.00	0
81601453	99477.96	78527.07	12911	13	204.49	197.97	13
81607227	97544.03	50944.86	12660	9	9195.40	103.02	531
81611212	129257.40	50300.03	16776	10	140.39	109.33	10
81619651	28045.84	104377.63	3640	2	36.06	38.50	3410
81620832	72795.90	66420.89	9448	9	15087.36	126.61	938
81628009	93236.99	66752.94	12101	11	5677.94	125.74	276
81630373	31744.19	76184.85	4120	2	26.89	19.49	3183
81638922	80570.14	56862.79	10457	14	167.63	166.16	14
81640727	18414.71	52816.46	2390	6	20575.76	82.45	1372
81642632	112422.20	62199.79	14591	12	605.39	139.89	34
81644701	0.00	4914.00	0	0	0	0.00	0
81650890	49465.46	110973.63	6420	2	38.18	13.00	3353
81652500	0.00	4914.00	0	0	0	0.00	0
81653101	66539.52	61764.19	8636	15	155.00	223.78	15
81659278	0.00	4914.00	0	0	0	0.00	0
81669277	60945.76	52355.50	7910	13	5250.62	160.02	428
81673172	48849.07	50984.73	6340	13	582.70	194.13	54
81676227	50235.95	72755.14	6520	9	123.63	102.52	1851
81680771	108253.85	104729.44	14050	8	169.14	98.55	1612
81685770	37599.91	37304.30	4880	12	2804.92	144.68	316
81688644	73990.15	129803.43	9603	8	199.31	114.24	1973
81697643	111143.18	62763.28	14425	12	3532.35	127.15	198
81700227	110696.30	95191.90	14367	16	294.98	193.92	16
81702003	0.00	4914.00	0	0	0	0.00	0
81706657	0.00	4914.00	0	0	0	0.00	0
81710580	0.00	92113.38	0	1	23.51	5.44	4064
81711305	0.00	4914.00	0	0	0	0.00	0
81716322	31204.84	89449.52	4050	2	22518.02	9.61	3130
81721823	160061.59	100968.54	20774	15	348.02	162.00	15


## -- Service Statistics -- ##
MMSI	ServiceID	TimeElapsed	TimeWaited	FuelReceived
56482735	BSV0000544	3868	3379	3470
77062869	BSV0000175	8560	7684	7910
66275985	BSV0000741	770	479	960
79618037	BSV0000237	7709	6666	10590
57594769	BSV0000256	8061	7047	8770
73331295	BSV0000725	1510	1316	870
62302291	BSV0000481	4886	4361	3800
89020311	BSV0000802	983	701	1330
71816138	BSV0000830	141	1	580
61872543	BSV0000513	5172	4934	1280
82787943	BSV0000328	6627	6483	900
57547289	BSV0000758	1226	824	2060
82649331	BSV0000423	5694	5098	4280
76491031	BSV0000719	1670	2	11630
74099528	BSV0000245	7896	7773	570
80236533	BSV0000314	7019	6673	1470
79291521	BSV0000501	5298	5085	1520
70708289	BSV0000197	8837	8729	780
81213684	BSV0000668	2726	2597	800
70096903	BSV0000184	8799	8490	2310
57435068	BSV0000717	2290	2029	1440
87689034	BSV0000460	5270	5000	1310
73385339	BSV0000442	5315	5221	520
80314706	BSV0000707	2747	2608	880
62639237	BSV0000362	7287	6931	3580
76138618	BSV0000653	2800	2585	990
88354652	BSV0000888	213	21	1420
68736439	BSV0000805	1253	1001	1220
65475839	BSV0000410	6782	6695	570
72578870	BSV0000566	4278	4028	1400
59953065	BSV0000595	4349	3973	2550
57107385	BSV0000586	4292	4101	1250
62683203	BSV0000665	2960	2829	860
71924269	BSV0000822	1561	1438	460
63209021	BSV0000893	312	42	850
67655824	BSV0000455	6639	6122	4210
60489543	BSV0000896	361	1	1210
74793422	BSV0000135	10074	9165	7640
87661539	BSV0000512	5843	5690	820
74675302	BSV0000650	3228	2899	1630
72727330	BSV0000488	5690	5592	640
66451859	BSV0000891	297	33	580
62024024	BSV0000594	4458	3976	2970
64795661	BSV0000282	8639	7769	7350
68284020	BSV0000798	1300	1086	930
68223618	BSV0000736	2268	2095	750
67017745	BSV0000497	6480	6061	3730
72798628	BSV0000304	8691	8543	840
62324640	BSV0000404	7195	6902	1180
59725832	BSV0000493	6468	5691	3740
61163225	BSV0000844	1578	1213	2250
76167065	BSV0000946	354	1	1170
72555134	BSV0000601	4637	4487	780
84540712	BSV0000597	4754	4499	1630
86437797	BSV0000502	6385	6083	2990
68996424	BSV0000589	4867	4563	1770
