## -- Bunker Barge Statistics -- ##
MMSI	GrossProfit	OperCost	FuelDelivered	DriftTime	DriftCost	Distance	TIdleTime
81287376	0.00	1638.00	0	0	0	0.00	0
81289745	0.00	1638.00	0	0	0	0.00	0
81297090	35943.36	24737.90	4665	1	8.70	31.19	504
81298298	8860.63	46668.77	1150	2	43.41	53.60	935
81306632	0.00	1638.00	0	0	0	0.00	0
81308415	0.00	1638.00	0	0	0	0.00	0
81314359	9939.32	27944.29	1290	2	32.27	22.92	927
81322936	10324.57	14794.34	1340	2	17.89	13.88	793
81323607	0.00	1638.00	0	0	0	0.00	0
81327567	0.00	1638.00	0	0	0	0.00	0
81336520	32976.97	37441.43	4280	1	14.33	36.35	743
81344194	32815.17	39964.17	4259	6	142.51	67.01	6
81347364	0.00	41413.00	0	0	0	0.30	1368
81354716	6972.93	16003.72	905	2	16.38	28.49	873
81357025	9230.47	25170.51	1198	1	13.42	17.47	939
81362184	0.00	10661.10	0	0	0	0.00	993
81368505	9862.27	22874.50	1280	2	8030.02	11.04	907
81369174	0.00	1638.00	0	0	0	0.00	0
81375658	0.00	39762.15	0	0	0	0.00	1440
81377126	8937.68	16830.17	1160	2	17.76	37.47	733
81377761	0.00	35819.79	0	0	0	0.00	1440
81386346	0.00	1638.00	0	0	0	0.00	0
81393955	0.00	30930.38	0	0	0	0.00	1440
81395145	0.00	1638.00	0	0	0	0.00	0
81399088	0.00	19631.89	0	0	0	0.00	1440
81400913	0.00	1638.00	0	0	0	0.00	0
81403938	0.00	33198.89	0	0	0	0.00	1440
81411062	0.00	1638.00	0	0	0	0.00	0
81412938	0.00	34366.18	0	0	0	0.00	1440
81422633	0.00	45488.48	0	0	0	0.00	1440
81429014	6086.87	29826.65	790	2	1078.65	18.98	953
81434229	5162.28	6656.02	670	1	2174.46	22.87	412
81442836	0.00	24807.62	0	0	0	0.00	1440
81446553	11426.37	21388.68	1483	2	4394.20	15.55	755
81450488	0.00	1638.00	0	0	0	0.00	0
81454337	0.00	35930.81	0	1	24.53	2.78	1315
81460469	0.00	1638.00	0	0	0	0.00	0
81465707	0.00	17429.46	0	0	0	0.00	1440
81466919	0.00	22296.84	0	0	0	0.00	1440
81476600	0.00	19039.48	0	1	5994.78	31.91	272
81485506	0.00	26921.95	0	0	0	0.00	1440
81489568	0.00	35929.91	0	0	0	0.00	1440
81495691	0.00	3329.89	0	0	876.84	2.82	98
81498924	0.00	32626.26	0	0	0	0.00	1440
81500068	0.00	37317.45	0	0	0	0.00	1440
81500085	0.00	1638.00	0	0	0	0.00	0
81500549	0.00	1638.00	0	0	0	0.00	0
81504162	0.00	13817.47	0	0	0	0.00	1440
81506008	0.00	1638.00	0	0	0	0.00	0
81514583	0.00	17429.46	0	0	0	0.00	1440
81520298	0.00	14984.76	0	0	0	0.00	1440
81521324	0.00	19125.33	0	0	0	0.00	1440
81521353	0.00	25049.88	0	0	0	0.00	1440
81530769	0.00	27582.68	0	0	0	0.00	1440
81532458	0.00	1638.00	0	0	0	0.00	0
81537473	0.00	1638.00	0	0	0	0.00	0
81540674	0.00	1638.00	0	0	0	0.00	0
81543889	0.00	21261.70	0	0	0	0.00	1440
81544992	4299.33	2882.71	558	0	59.73	6.39	11
81547016	10632.76	33781.62	1380	0	0	5.63	1188
81556798	0.00	37908.43	0	0	2473.30	5.40	1355
81562085	0.00	12178.46	0	0	0	16.33	1315
81569600	0.00	16051.06	0	0	0	0.04	1378
81571648	0.00	1638.00	0	0	0	0.00	0
81574889	0.00	30467.87	0	0	0	0.00	1439
81582775	0.00	30666.09	0	0	0	0.00	1440
81585806	0.00	38198.42	0	0	0	0.00	1440
81587100	0.00	37669.84	0	0	0	0.00	1440
81590450	0.00	1638.00	0	0	0	0.00	0
81595692	0.00	1638.00	0	0	0	0.00	0
81597018	0.00	1638.00	0	0	0	0.00	0
81601453	22267.16	33357.34	2890	6	99.60	89.51	6
81607227	30126.16	14854.33	3910	1	8665.68	12.29	499
81611212	45882.68	19502.35	5955	4	64.74	38.15	4
81619651	0.00	35621.57	0	0	0	0.00	1440
81620832	0.00	21166.77	0	1	13335.19	14.41	828
81628009	36482.70	14420.25	4735	4	54.99	32.88	4
81630373	0.00	30071.44	0	0	0	0.00	1440
81638922	24308.96	16047.69	3155	6	66.20	55.10	6
81640727	9399.98	7925.12	1220	2	180.96	23.35	18
81642632	31281.89	26323.79	4060	5	81.40	63.26	5
81644701	0.00	1638.00	0	0	0	0.00	0
81650890	0.00	43264.02	0	0	0	0.00	1440
81652500	0.00	1638.00	0	0	0	0.00	0
81653101	25410.76	16479.52	3298	4	36.49	60.58	4
81659278	0.00	1638.00	0	0	0	0.00	0
81669277	15563.90	18818.05	2020	6	59.97	67.21	6
81673172	23345.85	17695.05	3030	5	503.62	61.00	46
81676227	0.00	24609.40	0	0	0	0.00	1440
81680771	3798.52	37100.93	493	2	41.11	11.02	1082
81685770	14254.07	14267.18	1850	5	36.31	68.82	5
81688644	0.00	42801.51	0	0	0	0.00	1440
81697643	32306.65	21310.00	4193	3	3401.35	39.01	189
81700227	31112.39	35186.58	4038	6	114.75	68.76	6
81702003	0.00	1638.00	0	0	0	0.00	0
81706657	0.00	1638.00	0	0	0	0.00	0
81710580	0.00	26591.59	0	0	0	0.00	1440
81711305	0.00	1638.00	0	0	0	0.00	0
81716322	0.00	27498.31	0	0	22480.94	3.49	909
81721823	71640.16	27316.61	9298	4	97.55	35.44	4


## -- Service Statistics -- ##
MMSI	ServiceID	TimeElapsed	TimeWaited	FuelReceived
66766269	BSV0000416	2647	2269	2530
87760526	BSV0000205	4964	4793	1100
65528353	BSV0000151	5755	5309	5030
74456614	BSV0000540	1877	1554	1060
78035330	BSV0000500	1612	1279	2160
70124407	BSV0000641	129	1	790
79910893	BSV0000244	5552	4776	7160
88241122	BSV0000627	204	1	880
58322124	BSV0000669	270	20	1160
80344352	BSV0000335	4106	3434	4330
86790831	BSV0000510	2561	2408	750
68658103	BSV0000644	226	1	1220
71021213	BSV0000546	1312	1139	720
67579699	BSV0000209	5567	5428	1090
88443418	BSV0000592	1627	1345	920
68434646	BSV0000646	171	1	1280
71060515	BSV0000494	2408	1529	4890
71413633	BSV0000390	3424	3256	1150
64656677	BSV0000506	3050	2930	560
88836856	BSV0000535	2086	1754	2150
63081397	BSV0000214	5758	5539	1290
63583596	BSV0000286	5884	5729	1070
66706654	BSV0000518	2910	2600	2140
67229526	BSV0000529	2643	2308	1340
74601351	BSV0000663	630	211	2150
76378145	BSV0000504	2560	2288	1300
69992736	BSV0000271	5483	5170	2360
79655093	BSV0000526	3015	2438	2810
72518923	BSV0000675	1033	791	750
75067874	BSV0000727	292	1	670
77803126	BSV0000299	5413	5271	860
86020728	BSV0000277	6067	5548	4280
65665912	BSV0000624	1935	1836	430
