## -- Bunker Barge Statistics -- ##
MMSI	GrossProfit	OperCost	FuelDelivered	DriftTime	DriftCost	Distance	TIdleTime
81287376	0.00	19656.00	0	0	0	0.00	0
81289745	0.00	19656.00	0	0	0	0.00	0
81297090	107637.45	397223.71	13970	11	209.97	127.41	13636
81298298	124141.35	432269.73	16112	10	196.00	221.01	13540
81306632	36713.85	127389.86	4765	10	5314.55	169.04	11235
81308415	39140.89	208609.31	5080	8	82.76	131.62	12319
81314359	66655.09	322289.39	8651	10	151.86	98.13	14375
81322936	37538.27	204990.02	4872	9	85.64	83.22	14610
81323607	5493.59	64593.37	713	2	2867.84	16.41	3253
81327567	0.00	19656.00	0	0	0	0.00	0
81336520	144790.48	442394.65	18792	8	163.42	136.09	12920
81344194	392734.16	365190.69	50972	37	4585.81	380.32	4211
81347364	85462.75	479454.74	11092	6	131.80	96.41	14760
81354716	38871.22	166682.64	5045	8	61.16	138.17	14539
81357025	83004.89	296536.60	10773	11	149.50	116.24	13914
81362184	16026.19	147779.25	2080	5	2719.92	35.79	13452
81368505	47816.61	480139.46	6206	10	8232.04	68.89	15192
81369174	22344.21	307899.74	2900	8	4772.89	179.13	13501
81375658	57940.85	486225.91	7520	7	162.32	123.53	15280
81377126	38370.40	229927.69	4980	8	76.12	105.99	14840
81377761	79298.83	401293.89	10292	6	110.94	54.37	14803
81386346	13945.87	88418.16	1810	6	24.56	69.18	11984
81393955	45921.20	371439.39	5960	8	144.50	92.39	15256
81395145	0.00	19656.00	0	0	0	0.00	0
81399088	47115.46	225229.30	6115	8	81.26	92.42	14398
81400913	19763.07	280010.25	2565	6	94.60	49.23	12554
81403938	80285.06	376677.24	10420	8	143.46	78.29	14540
81411062	0.00	19656.00	0	0	0	0.00	0
81412938	62024.44	406674.36	8050	8	157.20	93.67	14954
81422633	171495.66	505665.78	22258	7	145.08	147.84	13422
81429014	63989.19	446982.96	8305	9	1229.22	132.04	14732
81434229	19947.99	123229.06	2589	9	2218.02	110.44	14160
81442836	35596.64	290441.18	4620	6	82.41	64.16	15304
81446553	48995.46	435691.43	6359	10	4577.49	62.86	15019
81450488	58364.62	159017.79	7575	6	82.64	58.50	6578
81454337	28708.46	486215.97	3726	11	258.46	195.57	15095
81460469	3428.68	26317.69	445	2	12.33	16.40	446
81465707	53055.94	194598.62	6886	6	50.33	84.50	13971
81466919	51838.57	265852.16	6728	6	72.51	117.52	14792
81476600	84176.03	383860.75	10925	7	11237.80	182.65	13502
81485506	76787.03	291616.65	9966	6	80.28	54.30	14110
81489568	65822.96	432918.57	8543	4	74.94	113.51	15303
81495691	38640.07	223688.52	5015	9	9905.79	100.85	13450
81498924	42469.41	398728.63	5512	6	115.37	103.97	15468
81500068	63796.57	433102.80	8280	7	148.11	80.33	14936
81500085	0.00	19656.00	0	0	0	0.00	0
81500549	0.00	19656.00	0	0	0	0.00	0
81504162	8398.34	166326.90	1090	5	38.96	36.46	16158
81506008	0.00	19656.00	0	0	0	0.00	0
81514583	23962.24	205838.15	3110	6	56.28	52.90	15562
81520298	18183.56	183557.91	2360	6	48.39	110.14	15467
81521324	31975.34	226579.78	4150	6	60.17	76.68	15422
81521353	57170.36	287127.82	7420	6	74.85	102.64	14542
81530769	41567.94	329368.78	5395	6	86.50	96.55	15405
81532458	0.00	19656.00	0	0	0	0.00	0
81537473	0.00	19656.00	0	0	0	0.00	0
81540674	5932.77	54236.09	770	2	32.15	9.81	1718
81543889	31705.66	258920.62	4115	8	96.43	126.96	14889
81544992	30056.81	104508.97	3901	10	102.09	103.81	12956
81547016	118886.61	401018.35	15430	9	152.23	150.90	13579
81556798	186319.89	397066.28	24182	12	11332.04	186.05	12347
81562085	23954.53	130668.34	3109	10	52.28	149.91	14265
81569600	54974.46	192735.75	7135	10	78.35	201.42	13624
81571648	0.00	19656.00	0	0	0	0.00	0
81574889	74205.89	359593.93	9631	9	150.73	155.06	13972
81582775	81664.24	381685.51	10599	10	169.16	248.91	13582
81585806	174338.77	432409.21	22627	14	277.68	240.07	11548
81587100	81402.27	420954.66	10565	10	205.09	61.21	14536
81590450	0.00	19656.00	0	0	0	0.00	0
81595692	0.00	19656.00	0	0	0	0.00	0
81597018	0.00	19656.00	0	0	0	0.00	0
81601453	404853.97	294981.61	52545	44	683.50	637.70	1578
81607227	361005.38	257678.91	46854	43	12501.31	611.54	1626
81611212	380306.16	263106.28	49359	42	637.85	448.36	2836
81619651	240855.17	404068.24	31260	22	423.57	337.74	9503
81620832	314329.10	245057.44	40796	35	15395.03	451.18	4607
81628009	403205.12	266741.58	52331	45	6260.87	543.13	310
81630373	115704.48	322945.16	15017	12	191.01	119.25	12552
81638922	182652.36	244902.92	23706	36	437.40	444.38	6511
81640727	208194.10	249331.53	27021	40	21430.02	507.89	4316
81642632	293626.03	286841.14	38109	30	878.68	401.16	6107
81644701	0.00	19656.00	0	0	0	0.00	0
81650890	127516.10	500355.64	16550	11	262.09	120.65	13939
81652500	0.00	19656.00	0	0	0	0.00	0
81653101	183823.50	230086.13	23858	34	8613.83	491.59	6771
81659278	0.00	19656.00	0	0	0	0.00	0
81669277	284087.37	177312.48	36871	45	15586.41	538.85	1273
81673172	206421.98	177840.41	26791	46	13929.19	596.93	1257
81676227	135860.50	283619.40	17633	24	328.92	263.58	10440
81680771	303472.90	465695.77	39387	22	480.35	304.60	9722
81685770	132192.97	112645.21	17157	30	19339.81	327.57	2171
81688644	407758.72	499284.90	52922	41	998.33	538.23	5325
81697643	296446.03	272093.05	38475	31	3801.98	377.56	6083
81700227	434725.87	329816.44	56422	41	695.92	546.97	3242
81702003	0.00	19656.00	0	0	0	0.00	0
81706657	0.00	19656.00	0	0	0	0.00	0
81710580	75816.22	387050.39	9840	8	157.96	61.94	14500
81711305	0.00	19656.00	0	0	0	0.00	0
81716322	141423.44	390935.34	18355	9	22647.38	58.86	13458
81721823	489761.97	407724.67	63565	39	883.00	449.62	4641


## -- Service Statistics -- ##
MMSI	ServiceID	TimeElapsed	TimeWaited	FuelReceived
69605112	BSV0001396	5092	4812	630
65583164	BSV0000772	13925	13618	1790
76186086	BSV0000331	20252	19660	4780
74161982	BSV0000974	11388	11100	910
71843052	BSV0000632	15625	15107	4200
72926505	BSV0000972	11037	10875	700
59655949	BSV0001276	7248	7038	1130
73524361	BSV0001704	1274	922	1500
75337568	BSV0000444	18626	17593	8450
71279188	BSV0000923	12307	12063	1110
87649448	BSV0000360	19937	19308	8040
80250721	BSV0001263	7119	6992	590
75761322	BSV0000752	14227	14019	1050
59398910	BSV0001189	8621	8432	1100
84148426	BSV0000284	20782	19887	7610
57635450	BSV0000811	13897	12934	7880
67033095	BSV0000945	12359	12140	1530
69744413	BSV0000957	12014	11715	710
87091093	BSV0001423	5195	5008	930
74155032	BSV0001060	10597	10154	2760
83066811	BSV0001003	11082	10825	1640
72015694	BSV0000330	20383	20258	760
82433431	BSV0001516	3835	3491	1730
78653746	BSV0000578	17394	16815	4670
80385939	BSV0001456	5472	5155	1590
58293892	BSV0000406	19584	18671	5530
72677758	BSV0000484	18562	18017	6530
74419535	BSV0000241	21748	21639	500
75264708	BSV0001074	11172	10940	1180
72810177	BSV0000570	17585	17467	770
79097125	BSV0000743	15532	15383	1030
68141342	BSV0001825	172	1	480
74514955	BSV0001656	2618	2086	3260
57075084	BSV0001218	9090	8782	1980
86091875	BSV0000787	14101	13897	1630
63172420	BSV0000429	19469	18920	4390
79013027	BSV0001624	2976	2835	710
57250098	BSV0000941	13244	12871	940
71829726	BSV0000491	18810	18478	1620
79251881	BSV0000633	16590	15730	6570
75133480	BSV0000969	12272	11426	5490
65573069	BSV0000988	11765	11565	1040
70187607	BSV0001450	5774	5603	740
85841712	BSV0000856	13828	13675	820
86061521	BSV0000435	19603	18377	11320
58984662	BSV0001111	11007	10603	2800
66547331	BSV0000439	19694	19278	3280
85702532	BSV0001112	10860	10429	3020
58992066	BSV0000769	14907	14455	4380
71683717	BSV0000670	16602	16194	4190
76500609	BSV0000869	14099	13574	2160
