## -- Bunker Barge Statistics -- ##
MMSI	GrossProfit	OperCost	FuelDelivered	DriftTime	DriftCost	Distance	TIdleTime
81287376	5316.38	13868.92	690	1	5272.94	12.99	514
81289745	0.00	4914.00	0	0	0	0.00	0
81297090	0.00	4914.00	0	0	0	0.00	0
81298298	0.00	4914.00	0	0	0	0.00	0
81306632	0.00	4914.00	0	0	0	0.00	0
81308415	0.00	4914.00	0	0	0	0.00	0
81314359	29817.96	40705.68	3870	5	14707.57	46.45	813
81322936	0.00	4914.00	0	0	0	0.00	0
81323607	0.00	4914.00	0	0	0	0.00	0
81327567	0.00	4914.00	0	0	0	0.00	0
81336520	0.00	4914.00	0	0	0	0.00	0
81344194	43609.73	27375.83	5660	3	62.07	37.65	3
81347364	46807.27	21584.84	6075	1	10008.28	15.26	363
81354716	0.00	4914.00	0	0	0	0.00	0
81357025	0.00	4914.00	0	0	0	0.00	0
81362184	0.00	4914.00	0	0	0	0.00	0
81368505	0.00	4914.00	0	0	0	0.00	0
81369174	0.00	4914.00	0	0	0	0.00	0
81375658	0.00	4914.00	0	0	0	0.00	0
81377126	0.00	4914.00	0	0	0	0.00	0
81377761	0.00	4914.00	0	0	0	0.00	0
81386346	0.00	4914.00	0	0	0	0.00	0
81393955	0.00	4914.00	0	0	0	0.00	0
81395145	0.00	4914.00	0	0	0	0.00	0
81399088	0.00	7604.67	0	0	1586.96	2.74	127
81400913	0.00	4914.00	0	0	0	0.00	0
81403938	36521.23	30818.26	4740	4	3841.60	45.25	271
81411062	0.00	4914.00	0	0	0	0.00	0
81412938	38755.65	61702.18	5030	6	17095.00	79.46	753
81422633	11557.35	30908.80	1500	0	21024.01	5.72	843
81429014	0.00	4914.00	0	0	0	0.00	0
81434229	0.00	4914.00	0	0	0	0.00	0
81442836	0.00	4914.00	0	0	0	0.00	0
81446553	0.00	4914.00	0	0	0	0.00	0
81450488	25657.32	10744.13	3330	2	25.08	16.95	2
81454337	0.00	4914.00	0	0	0	0.00	0
81460469	0.00	4914.00	0	0	0	0.00	0
81465707	0.00	4914.00	0	0	0	0.00	0
81466919	0.00	4914.00	0	0	0	0.00	0
81476600	0.00	4914.00	0	0	0	0.00	0
81485506	0.00	4914.00	0	0	0	0.00	0
81489568	0.00	32318.88	0	0	24099.59	3.98	1012
81495691	0.00	4914.00	0	0	0	0.00	0
81498924	0.00	4914.00	0	0	0	0.00	0
81500068	49311.36	68014.56	6400	6	17884.77	91.90	880
81500085	0.00	4914.00	0	0	0	0.00	0
81500549	0.00	4914.00	0	0	0	0.00	0
81504162	10478.66	15361.58	1360	3	19.92	72.85	3
81506008	0.00	4914.00	0	0	0	0.00	0
81514583	0.00	19829.91	0	1	8641.44	28.13	788
81520298	13021.28	24887.99	1690	4	6702.33	72.76	854
81521324	0.00	4914.00	0	0	0	0.00	0
81521353	48155.62	39893.98	6250	5	62.17	125.06	5
81530769	1602.62	18575.16	208	0	11208.41	3.43	950
81532458	0.00	4914.00	0	0	0	0.00	0
81537473	0.00	4914.00	0	0	0	0.00	0
81540674	14639.31	10097.78	1900	2	22.78	23.64	2
81543889	36821.72	29647.37	4779	4	41.05	103.77	4
81544992	0.00	4914.00	0	0	0	0.00	0
81547016	55860.52	45113.02	7250	4	15859.21	57.46	680
81556798	94238.63	46449.67	12231	6	476.46	105.88	25
81562085	0.00	4914.00	0	0	0	0.00	0
81569600	0.00	4914.00	0	0	0	0.00	0
81571648	19608.97	13096.07	2545	1	4153.10	21.73	347
81574889	1356.06	27286.09	176	0	18979.67	3.31	948
81582775	40990.07	91669.64	5320	10	4630.83	243.23	231
81585806	54997.58	71711.10	7138	5	6941.46	136.31	274
81587100	7936.05	43322.09	1030	2	23154.74	44.53	926
81590450	0.00	4914.00	0	0	0	0.00	0
81595692	0.00	4914.00	0	0	0	0.00	0
81597018	0.00	4914.00	0	0	0	0.00	0
81601453	0.00	8882.79	0	0	2642.21	4.56	282
81607227	0.00	4914.00	0	0	0	0.00	0
81611212	65722.80	30777.47	8530	3	10360.28	35.48	553
81619651	64528.54	56338.17	8375	7	12478.02	74.11	530
81620832	0.00	4914.00	0	0	0	0.00	0
81628009	0.00	4914.00	0	0	0	0.00	0
81630373	58981.01	24621.73	7655	4	3477.92	58.82	178
81638922	19108.15	9831.05	2480	1	354.13	18.37	25
81640727	0.00	4914.00	0	0	0	0.00	0
81642632	0.00	4914.00	0	0	0	0.00	0
81644701	0.00	4914.00	0	0	0	0.00	0
81650890	7049.98	29760.08	915	2	12064.79	23.42	418
81652500	0.00	4914.00	0	0	0	0.00	0
81653101	38401.22	36731.11	4984	8	1399.20	113.17	113
81659278	0.00	4914.00	0	0	0	0.00	0
81669277	13498.98	23515.74	1752	3	7140.40	46.41	851
81673172	15887.50	29048.18	2062	6	5146.52	73.62	679
81676227	10401.62	19172.70	1350	3	38.35	46.08	3
81680771	98499.44	71169.45	12784	7	165.24	120.57	7
81685770	0.00	4914.00	0	0	0	0.00	0
81688644	116914.15	40134.33	15174	5	91.35	65.29	5
81697643	3081.96	26423.30	400	2	10575.16	31.37	1023
81700227	60344.78	38139.54	7832	8	7822.23	76.31	450
81702003	0.00	4914.00	0	0	0	0.00	0
81706657	0.00	4914.00	0	0	0	0.00	0
81710580	89407.66	43998.27	11604	8	5730.05	47.53	245
81711305	0.00	4914.00	0	0	0	0.00	0
81716322	22282.57	9786.87	2892	2	31.77	5.09	2
81721823	50929.39	65983.01	6610	7	161.85	111.84	7


## -- Service Statistics -- ##
MMSI	ServiceID	TimeElapsed	TimeWaited	FuelReceived
84170335	BSV0000028	370	1	2870
69721070	BSV0000016	869	655	1930
71817735	BSV0000031	317	90	1500
78651275	BSV0000101	201	1	1250
83971637	BSV0000027	488	312	900
73908673	BSV0000039	206	1	910
68263035	BSV0000041	154	29	850
60328113	BSV0000056	207	1	1470
84747988	BSV0000014	1196	907	1410
61165836	BSV0000111	291	32	1350
72052821	BSV0000062	469	260	860
57703827	BSV0000054	578	1	5130
67583963	BSV0000019	979	1	7700
72830663	BSV0000045	341	21	1900
60386519	BSV0000068	391	1	1380
78326833	BSV0000018	1469	1046	3670
72139479	BSV0000042	444	1	3550
71488409	BSV0000088	133	1	460
65092137	BSV0000024	963	688	2090
69649510	BSV0000073	129	1	560
86451051	BSV0000049	1203	180	6600
58241752	BSV0000079	1013	741	1710
77458857	BSV0000017	1247	1116	510
60881562	BSV0000148	255	28	660
73544192	BSV0000115	100	1	400
87886973	BSV0000117	479	308	1120
76294841	BSV0000006	1894	1700	1350
71147693	BSV0000043	1012	502	4050
74269226	BSV0000096	569	109	4880
72672290	BSV0000059	698	18	5660
76520310	BSV0000052	1121	379	6940
77236522	BSV0000095	871	334	5240
75728897	BSV0000084	526	54	3330
83192150	BSV0000109	645	514	480
86472025	BSV0000076	1432	1333	330
56585917	BSV0000051	1101	681	2170
88431362	BSV0000103	712	434	2120
75125083	BSV0000123	500	351	310
74333043	BSV0000179	195	1	690
65211021	BSV0000075	699	368	2150
85440628	BSV0000104	469	1	2480
74271419	BSV0000070	808	574	700
64738109	BSV0000165	615	1	8620
88233796	BSV0000029	2140	1975	1020
