## -- Bunker Barge Statistics -- ##
MMSI	GrossProfit	OperCost	FuelDelivered	DriftTime	DriftCost	Distance	TIdleTime
81287376	6703.26	56585.25	870	2	17.86	5.67	2720
81289745	0.00	26208.00	0	0	0	0.00	0
81297090	142232.45	526888.81	18460	13	242.18	161.94	18410
81298298	177251.22	570057.08	23005	16	305.02	320.80	17457
81306632	44187.60	178333.56	5735	12	5326.42	223.31	16259
81308415	44226.13	288001.82	5740	12	128.52	155.37	17466
81314359	89161.10	426831.56	11572	14	211.52	127.35	19128
81322936	47747.27	272624.35	6197	13	124.00	104.76	19566
81323607	5493.59	71145.37	713	2	2867.84	16.41	3253
81327567	0.00	26208.00	0	0	0	0.00	0
81336520	187121.20	588731.52	24286	12	254.79	165.86	17347
81344194	510241.59	495783.29	66223	45	4764.07	491.92	6529
81347364	117438.09	655335.03	15242	10	229.60	182.78	19386
81354716	59289.21	228320.72	7695	14	109.04	210.42	18823
81357025	110734.82	386365.22	14372	14	189.74	134.77	18310
81362184	33285.17	200653.98	4320	9	2748.24	62.46	17902
81368505	68242.30	648106.00	8857	14	8334.97	103.75	20110
81369174	48540.87	421247.52	6300	12	4832.30	278.76	17828
81375658	126822.65	631504.17	16460	11	240.88	192.06	19333
81377126	69421.15	301417.19	9010	12	114.69	139.05	19117
81377761	113416.13	541308.08	14720	10	192.35	111.13	19274
81386346	13945.87	97348.05	1810	6	24.56	69.18	12428
81393955	57401.51	494497.78	7450	10	180.63	111.90	20524
81395145	0.00	26208.00	0	0	0	0.00	0
81399088	59135.11	301065.99	7675	10	101.48	115.52	19443
81400913	27545.02	405612.44	3575	8	129.84	104.70	17739
81403938	101165.34	503943.02	13130	10	179.01	98.75	19590
81411062	0.00	26208.00	0	0	0	0.00	0
81412938	84330.13	539252.50	10945	10	193.80	116.70	20010
81422633	267290.69	665626.12	34691	12	259.30	254.12	16706
81429014	102051.40	583116.68	13245	11	1263.69	149.91	19565
81434229	28038.13	164646.54	3639	11	2227.17	145.33	19100
81442836	44611.37	387527.31	5790	8	111.01	78.48	20533
81446553	94531.42	569890.96	12269	12	4610.10	75.98	19743
81450488	175579.26	233879.25	22788	16	22754.73	172.24	7866
81454337	35103.52	641250.60	4556	12	280.46	235.35	20542
81460469	3428.68	32869.69	445	2	12.33	16.40	446
81465707	65784.44	259953.50	8538	10	83.55	128.99	18442
81466919	66770.66	351846.75	8666	10	116.96	171.29	19444
81476600	124164.46	509693.34	16115	11	11301.12	263.23	17829
81485506	86734.06	394858.00	11257	10	141.15	76.61	19036
81489568	109124.50	569878.26	14163	8	147.19	185.09	19720
81495691	44495.80	307841.41	5775	12	9943.15	130.33	18619
81498924	69798.69	523461.65	9059	10	187.49	140.84	20203
81500068	70653.93	580294.07	9170	9	194.95	86.86	20346
81500085	0.00	26208.00	0	0	0	0.00	0
81500549	0.00	26208.00	0	0	0	0.00	0
81504162	18568.81	219290.24	2410	8	60.29	54.86	21123
81506008	0.00	26208.00	0	0	0	0.00	0
81514583	42993.34	272554.48	5580	10	92.59	93.17	20102
81520298	29663.86	249375.50	3850	10	80.91	209.69	19980
81521324	56738.88	299549.44	7364	10	98.91	126.38	19816
81521353	93922.73	382164.25	12190	9	109.04	190.86	18480
81530769	67479.51	433071.32	8758	8	112.25	104.37	20418
81532458	0.00	26208.00	0	0	0	0.00	0
81537473	0.00	26208.00	0	0	0	0.00	0
81540674	5932.77	65756.79	770	2	32.15	9.81	1977
81543889	47269.56	340899.14	6135	8	96.43	138.12	20111
81544992	30056.81	142740.02	3901	11	107.52	109.44	18580
81547016	132524.28	545217.31	17200	10	170.17	179.71	18923
81556798	195411.67	550852.61	25362	13	11352.44	225.36	17753
81562085	28269.28	173222.70	3669	10	52.28	153.10	19728
81569600	57979.37	258692.50	7525	10	78.35	219.23	19153
81571648	0.00	26208.00	0	0	0	0.00	0
81574889	75623.59	484592.07	9815	9	150.73	169.43	19563
81582775	81664.24	508347.72	10599	10	169.16	264.13	19229
81585806	188492.67	579056.49	24464	16	316.97	267.13	16672
81587100	81402.27	571634.00	10565	10	205.09	61.21	20296
81590450	0.00	26208.00	0	0	0	0.00	0
81595692	0.00	26208.00	0	0	0	0.00	0
81597018	0.00	26208.00	0	0	0	0.00	0
81601453	404853.97	411145.88	52545	45	702.87	640.18	7157
81607227	500595.06	335265.20	64971	59	12722.07	818.85	1642
81611212	380306.16	377841.88	49359	42	637.85	448.36	8596
81619651	240855.17	546554.53	31260	22	423.57	337.74	15263
81620832	458349.09	327482.73	59488	53	15630.90	669.16	4625
81628009	461269.25	367275.84	59867	49	6320.36	587.02	4033
81630373	115704.48	443230.90	15017	12	191.01	119.25	18312
81638922	231886.67	328947.43	30096	46	562.54	542.03	9477
81640727	208194.10	342659.47	27021	40	21430.02	507.89	10076
81642632	336835.11	399889.80	43717	37	995.79	486.32	9826
81644701	0.00	26208.00	0	0	0	0.00	0
81650890	127516.10	673411.73	16550	11	262.09	120.65	19699
81652500	0.00	26208.00	0	0	0	0.00	0
81653101	183823.50	308789.90	23858	34	8613.83	491.59	12531
81659278	0.00	26208.00	0	0	0	0.00	0
81669277	324191.37	258243.94	42076	53	15664.98	680.82	4583
81673172	303796.50	248955.21	39429	68	14131.61	837.91	1279
81676227	135860.50	382056.99	17633	24	328.92	263.58	16200
81680771	310099.11	641110.59	40247	26	582.00	343.35	14919
81685770	199888.22	161938.63	25943	47	19456.26	521.38	2188
81688644	464019.90	653841.42	60224	45	1084.61	577.21	9766
81697643	403351.51	363399.62	52350	43	3976.30	515.37	7777
81700227	484021.82	446158.86	62820	45	761.08	584.26	7640
81702003	0.00	26208.00	0	0	0	0.00	0
81706657	0.00	26208.00	0	0	0	0.00	0
81710580	75816.22	528847.33	9840	9	181.47	65.09	20175
81711305	0.00	26208.00	0	0	0	0.00	0
81716322	141423.44	537479.93	18355	10	22672.11	61.60	19043
81721823	707209.66	549135.24	91787	56	1285.06	695.55	4658


## -- Service Statistics -- ##
MMSI	ServiceID	TimeElapsed	TimeWaited	FuelReceived
81516025	BSV0000449	24124	23762	2710
76349229	BSV0000371	25061	24199	5130
71598476	BSV0001956	3397	2869	3720
56527937	BSV0000596	22449	22203	1170
69462340	BSV0000651	21533	21408	830
62906439	BSV0000861	18539	18147	4160
72575404	BSV0001462	10062	9538	3340
85183539	BSV0001000	16788	16380	1050
66175944	BSV0000935	18135	17623	4940
84281199	BSV0000737	20777	19870	6780
72678308	BSV0000520	23156	21868	10060
78277415	BSV0001629	8766	8491	1260
74703936	BSV0001618	8651	8281	1220
63230695	BSV0000892	18567	17969	5910
85298861	BSV0000983	18051	17858	760
88999228	BSV0000412	25118	24971	890
82108376	BSV0002048	3292	3097	780
73758677	BSV0000780	20006	19605	3470
65636756	BSV0000914	18840	18721	710
73041495	BSV0000621	22722	21794	4480
64390578	BSV0002047	3080	2775	2010
74009148	BSV0001430	11954	11693	970
71105422	BSV0000527	23951	23793	400
63061640	BSV0001099	15856	15461	1320
65856387	BSV0001673	8693	8376	1490
71723878	BSV0002132	2601	2388	990
72226411	BSV0000638	22655	22360	1440
82597139	BSV0000392	25456	25218	1770
77531994	BSV0000468	25333	25164	1180
71929102	BSV0002077	3063	2858	980
