## -- Bunker Barge Statistics -- ##
MMSI	GrossProfit	OperCost	FuelDelivered	DriftTime	DriftCost	Distance	TIdleTime
81287376	6703.26	24267.11	870	0	0	2.26	0
81289745	0.00	22932.00	0	0	0	0.00	0
81297090	113416.13	469392.73	14720	11	209.97	142.88	16289
81298298	177251.22	499210.38	23005	16	305.02	320.80	14577
81306632	36713.85	153306.21	4765	10	5314.55	182.29	14005
81308415	39140.89	248405.99	5080	10	105.15	140.78	14964
81314359	81379.15	371018.80	10562	12	178.39	108.58	16688
81322936	39503.02	239515.81	5127	11	105.28	91.75	17247
81323607	5493.59	67869.37	713	2	2867.84	16.41	3253
81327567	0.00	22932.00	0	0	0	0.00	0
81336520	154306.03	520526.93	20027	10	212.97	144.30	15441
81344194	414153.78	441146.98	53752	40	4656.68	409.40	6330
81347364	88929.96	572589.98	11542	8	185.67	131.36	17356
81354716	44418.75	199890.81	5765	10	78.11	177.11	16921
81357025	83004.89	344813.20	10773	12	166.58	121.46	16424
81362184	20957.33	175840.47	2720	7	2735.55	49.34	15857
81368505	55675.61	567299.96	7226	12	8284.44	92.36	17669
81369174	29972.06	368226.99	3890	10	4804.76	229.59	15822
81375658	85770.95	561859.74	11132	9	204.22	155.37	17427
81377126	59250.68	263532.64	7690	10	93.28	124.15	16806
81377761	100471.90	469797.52	13040	8	150.01	86.31	16929
81386346	13945.87	94072.05	1810	6	24.56	69.18	12428
81393955	45921.20	433300.16	5960	8	144.50	92.39	18136
81395145	0.00	22932.00	0	0	0	0.00	0
81399088	47115.46	264493.09	6115	8	81.26	92.42	17278
81400913	19763.07	338479.27	2565	6	94.60	49.23	15434
81403938	80285.06	443075.02	10420	8	143.46	78.29	17420
81411062	0.00	22932.00	0	0	0	0.00	0
81412938	62024.44	475406.72	8050	8	157.20	93.67	17834
81422633	213703.11	593938.86	27736	10	219.67	220.01	15010
81429014	63989.19	521661.91	8305	9	1229.22	132.04	17612
81434229	19947.99	144300.74	2589	9	2218.02	110.44	17040
81442836	35596.64	340056.42	4620	6	82.41	64.16	18184
81446553	48995.46	511956.13	6359	10	4577.49	62.86	17899
81450488	88567.83	202687.81	11495	10	22678.43	101.68	7860
81454337	28708.46	560146.08	3726	11	258.46	195.57	17975
81460469	3428.68	29593.69	445	2	12.33	16.40	446
81465707	56384.46	225875.84	7318	8	65.35	95.47	16324
81466919	57062.49	306499.24	7406	8	92.12	139.15	17170
81476600	97428.46	443771.70	12645	9	11267.66	211.61	15804
81485506	77634.57	343668.06	10076	8	109.64	63.73	16692
81489568	109124.50	498068.66	14163	8	147.19	184.92	16896
81495691	38640.07	265567.97	5015	10	9919.02	108.26	16207
81498924	53048.24	458960.88	6885	8	151.10	110.33	17956
81500068	63796.57	507737.69	8280	7	148.11	80.33	17816
81500085	0.00	22932.00	0	0	0	0.00	0
81500549	0.00	22932.00	0	0	0	0.00	0
81504162	8398.34	194282.54	1090	6	47.41	39.43	18995
81506008	0.00	22932.00	0	0	0	0.00	0
81514583	35519.59	237743.87	4610	8	73.63	68.82	17789
81520298	26581.90	214616.12	3450	8	63.60	156.81	17609
81521324	45258.58	263420.33	5874	8	79.18	107.85	17568
81521353	82827.67	330109.74	10750	8	97.18	147.78	16258
81530769	41567.94	385571.80	5395	7	104.52	101.87	18135
81532458	0.00	22932.00	0	0	0	0.00	0
81537473	0.00	22932.00	0	0	0	0.00	0
81540674	5932.77	62480.79	770	2	32.15	9.81	1977
81543889	31705.66	301444.01	4115	8	96.43	126.96	17769
81544992	30056.81	123422.26	3901	10	102.09	103.81	15836
81547016	118886.61	471556.72	15430	9	152.23	150.90	16459
81556798	186319.89	469498.74	24182	12	11332.04	186.05	15227
81562085	23954.53	152312.65	3109	10	52.28	149.91	17145
81569600	54974.46	224863.65	7135	10	78.35	201.42	16504
81571648	0.00	22932.00	0	0	0	0.00	0
81574889	74205.89	420529.67	9631	9	150.73	155.06	16852
81582775	81664.24	443017.69	10599	10	169.16	248.91	16462
81585806	188492.67	502685.04	24464	16	316.97	267.13	13842
81587100	81402.27	496294.33	10565	10	205.09	61.21	17416
81590450	0.00	22932.00	0	0	0	0.00	0
81595692	0.00	22932.00	0	0	0	0.00	0
81597018	0.00	22932.00	0	0	0	0.00	0
81601453	404853.97	352104.23	52545	45	702.87	640.18	4277
81607227	427806.87	295360.88	55524	51	12613.26	705.91	1634
81611212	380306.16	320474.08	49359	42	637.85	448.36	5716
81619651	240855.17	475311.39	31260	22	423.57	337.74	12383
81620832	385337.46	287635.17	50012	45	15528.96	560.18	4617
81628009	461269.25	304225.75	59867	49	6320.36	587.02	1153
81630373	115704.48	383088.03	15017	12	191.01	119.25	15432
81638922	231886.67	284001.36	30096	46	562.54	542.03	6597
81640727	208194.10	295995.50	27021	40	21430.02	507.89	7196
81642632	336835.11	341376.73	43717	37	995.79	486.32	6946
81644701	0.00	22932.00	0	0	0	0.00	0
81650890	127516.10	586883.69	16550	11	262.09	120.65	16819
81652500	0.00	22932.00	0	0	0	0.00	0
81653101	183823.50	269438.01	23858	34	8613.83	491.59	9651
81659278	0.00	22932.00	0	0	0	0.00	0
81669277	324191.37	219420.64	42076	53	15664.98	680.82	1703
81673172	251649.74	215561.96	32661	57	14032.69	724.15	1268
81676227	135860.50	332838.20	17633	24	328.92	263.58	13320
81680771	310099.11	556476.64	40247	26	582.00	343.35	12039
81685770	171665.17	131724.49	22280	38	19388.89	391.79	2179
81688644	464019.90	568238.40	60224	45	1084.61	577.21	6886
81697643	373263.88	317108.64	48445	40	3934.05	482.22	6092
81700227	484021.82	381875.42	62820	45	761.08	584.26	4760
81702003	0.00	22932.00	0	0	0	0.00	0
81706657	0.00	22932.00	0	0	0	0.00	0
81710580	75816.22	457868.48	9840	9	181.47	65.09	17295
81711305	0.00	22932.00	0	0	0	0.00	0
81716322	141423.44	462977.18	18355	10	22672.11	61.60	16163
81721823	590310.91	468994.51	76615	48	1092.78	557.41	4650


## -- Service Statistics -- ##
MMSI	ServiceID	TimeElapsed	TimeWaited	FuelReceived
76027463	BSV0001601	5628	5400	1060
85895140	BSV0001138	12381	11141	8300
60572691	BSV0000683	17893	17435	5040
57148777	BSV0000593	19052	18944	680
78224243	BSV0001357	8579	8417	850
82089921	BSV0000997	13973	13702	1700
70749762	BSV0001811	2783	2460	1640
73083797	BSV0001981	408	1	2780
70053387	BSV0001751	4658	4316	1710
66354359	BSV0000703	18303	18173	960
87434815	BSV0001014	14240	14047	1080
81538812	BSV0001362	10140	9904	1260
64873724	BSV0001763	4279	4133	510
69017949	BSV0001966	1776	1567	1140
65905992	BSV0001805	3374	2965	2130
60699054	BSV0000815	17631	17453	1480
62740161	BSV0001047	14646	14389	1650
