## -- Bunker Barge Statistics -- ##
MMSI	GrossProfit	OperCost	FuelDelivered	DriftTime	DriftCost	Distance	TIdleTime
81287376	12173.74	96239.02	1580	4	36.22	17.68	5402
81289745	0.00	34398.00	0	0	0	0.00	0
81297090	172127.47	692582.51	22340	17	322.20	187.07	24557
81298298	236270.76	730266.68	30665	20	375.44	357.37	23143
81306632	55822.00	243628.44	7245	16	5351.47	314.94	22193
81308415	58249.04	394634.67	7560	16	173.74	248.66	23480
81314359	141292.46	546676.49	18338	18	263.26	154.45	24561
81322936	60306.25	359577.15	7827	17	163.00	142.57	25740
81323607	5493.59	79335.37	713	2	2867.84	16.41	3253
81327567	0.00	34398.00	0	0	0	0.00	0
81336520	227086.52	774070.46	29473	15	321.19	177.34	23327
81344194	674741.21	638666.28	87573	60	5082.42	689.37	8301
81347364	164599.78	867226.22	21363	14	321.36	281.43	25074
81354716	85963.57	299612.25	11157	19	146.32	323.45	24353
81357025	146138.84	510487.02	18967	18	244.02	191.87	23943
81362184	55822.00	266962.42	7245	14	2783.27	134.02	23412
81368505	95448.30	866193.18	12388	20	8490.73	175.00	26146
81369174	91303.06	550554.62	11850	16	4885.12	376.86	23160
81375658	172312.38	821806.68	22364	14	302.24	243.89	25333
81377126	95078.47	395108.72	12340	16	155.41	172.07	24980
81377761	146624.25	716443.57	19030	14	274.11	164.91	25207
81386346	13945.87	105538.05	1810	6	24.56	69.18	12428
81393955	66570.34	649255.24	8640	13	238.02	130.43	27140
81395145	0.00	34398.00	0	0	0	0.00	0
81399088	88144.06	390503.37	11440	14	139.95	155.72	25015
81400913	57478.55	542261.86	7460	11	175.45	130.49	23795
81403938	147163.59	657336.84	19100	14	248.42	142.96	25257
81411062	0.00	34398.00	0	0	0	0.00	0
81412938	110757.94	710078.60	14375	14	274.22	161.49	26148
81422633	332435.62	870649.43	43146	17	385.70	290.08	22305
81429014	184070.06	742403.08	23890	15	1330.30	195.15	24795
81434229	38979.09	217009.54	5059	15	2247.54	193.57	25055
81442836	79360.47	499301.31	10300	12	161.57	114.47	26116
81446553	129973.96	759856.00	16869	18	4748.09	132.54	25606
81450488	336241.84	352913.54	43640	41	23106.84	444.82	8223
81454337	35103.52	821334.31	4556	14	329.52	241.22	27446
81460469	3428.68	41059.69	445	2	12.33	16.40	446
81465707	97189.61	338596.80	12614	14	114.94	202.30	23518
81466919	84877.18	468510.49	11016	14	167.15	254.65	25419
81476600	185649.57	660322.49	24095	15	11364.87	321.33	23275
81485506	103569.27	527894.89	13442	14	204.70	116.43	25165
81489568	132085.10	765484.65	17143	12	233.33	280.17	25821
81495691	71925.24	406983.53	9335	16	9985.18	184.37	24373
81498924	94354.21	682171.17	12246	13	242.30	174.04	26456
81500068	96234.20	766289.14	12490	13	283.90	136.88	26424
81500085	0.00	34398.00	0	0	0	0.00	0
81500549	0.00	34398.00	0	0	0	0.00	0
81504162	31513.04	289106.38	4090	12	88.98	114.52	27119
81506008	0.00	34398.00	0	0	0	0.00	0
81514583	63488.38	354424.32	8240	14	128.32	117.31	26063
81520298	71748.03	319436.95	9312	15	110.54	348.96	24417
81521324	81394.56	396546.67	10564	14	137.70	215.96	25537
81521353	111875.15	506798.34	14520	14	183.20	235.75	24566
81530769	109532.86	562780.37	14216	13	185.64	182.41	25769
81532458	0.00	34398.00	0	0	0	0.00	0
81537473	0.00	34398.00	0	0	0	0.00	0
81540674	20186.84	160833.93	2620	6	16830.33	27.19	6355
81543889	61677.72	442178.44	8005	13	152.67	179.33	26040
81544992	34063.36	190884.85	4421	14	122.22	140.60	25100
81547016	209711.97	691202.59	27218	15	256.30	216.07	23969
81556798	232318.14	725005.76	30152	18	11457.86	267.09	23702
81562085	40674.17	224919.14	5279	16	83.91	190.00	25451
81569600	71617.05	342236.50	9295	16	131.86	297.51	25094
81571648	0.00	34398.00	0	0	0	0.00	0
81574889	111882.85	636886.18	14521	15	255.89	255.66	25089
81582775	191790.37	631050.29	24892	19	306.87	487.44	22617
81585806	262690.86	756527.87	34094	22	439.85	367.63	21538
81587100	201629.53	742919.09	26169	20	402.96	209.86	23888
81590450	0.00	34398.00	0	0	0	0.00	0
81595692	0.00	34398.00	0	0	0	0.00	0
81597018	0.00	34398.00	0	0	0	0.00	0
81601453	523062.55	547089.59	67887	61	955.18	850.53	9470
81607227	600666.30	449977.68	77959	72	12896.55	994.80	4202
81611212	534835.63	514226.84	69415	67	1043.39	739.85	8762
81619651	312356.65	703713.83	40540	26	489.58	398.59	20532
81620832	571480.14	438291.46	74171	72	15882.44	872.59	6763
81628009	608756.44	487123.26	79009	65	6593.89	787.57	5009
81630373	185125.63	572154.65	24027	19	287.89	216.38	22670
81638922	334677.74	417157.67	43437	60	724.29	698.02	11552
81640727	363871.61	429773.63	47226	60	21663.89	720.15	10537
81642632	358023.59	554429.66	46467	43	1102.45	566.86	15655
81644701	0.00	34398.00	0	0	0	0.00	0
81650890	187845.46	872291.40	24380	15	353.77	154.75	25490
81652500	0.00	34398.00	0	0	0	0.00	0
81653101	191605.45	412067.11	24868	37	8648.32	546.28	19043
81659278	0.00	34398.00	0	0	0	0.00	0
81669277	387186.63	352059.20	50252	65	30008.67	864.41	7451
81673172	416889.02	333290.05	54107	94	14370.35	1133.63	1305
81676227	206429.68	494827.02	26792	34	460.43	378.01	20179
81680771	368964.55	848617.18	47887	32	728.12	408.86	20425
81685770	271566.91	223653.55	35246	61	19545.87	726.37	3992
81688644	545730.36	838705.66	70829	49	1166.51	601.19	15284
81697643	435172.75	494059.30	56480	47	4035.92	549.23	13710
81700227	600928.27	593863.83	77993	56	947.68	737.06	11094
81702003	0.00	34398.00	0	0	0	0.00	0
81706657	0.00	34398.00	0	0	0	0.00	0
81710580	89453.89	705655.97	11610	13	270.09	89.27	26651
81711305	0.00	34398.00	0	0	0	0.00	0
81716322	205142.96	703159.98	26625	14	22745.74	96.58	24607
81721823	988492.44	691707.69	128294	77	1739.29	922.44	4679


## -- Service Statistics -- ##
MMSI	ServiceID	TimeElapsed	TimeWaited	FuelReceived
60657654	BSV0001247	20569	20232	1110
75386943	BSV0002236	7226	6823	2800
60773066	BSV0001974	10245	9283	5550
68249599	BSV0001230	21467	21097	1940
59300082	BSV0002260	7099	6735	1250
81355772	BSV0001480	17047	16910	680
73592058	BSV0002704	447	1	2320
64619808	BSV0002206	7582	6922	2700
72873770	BSV0001301	20058	19764	1650
60278100	BSV0001115	22783	22071	5150
72815716	BSV0002224	7398	7203	570
62453134	BSV0002321	6745	6530	960
70480981	BSV0001580	17081	16897	980
88787213	BSV0002777	729	520	920
86751394	BSV0001095	23421	22948	5040
59167811	BSV0001594	16604	16469	550
