## -- Bunker Barge Statistics -- ##
MMSI	GrossProfit	OperCost	FuelDelivered	DriftTime	DriftCost	Distance	TIdleTime
81287376	0.00	13104.00	0	0	0	0.00	0
81289745	0.00	13104.00	0	0	0	0.00	0
81297090	60599.04	271441.60	7865	7	136.75	95.88	9271
81298298	79938.34	297955.18	10375	8	155.96	194.52	8773
81306632	25734.37	78834.08	3340	6	5293.60	119.20	6558
81308415	26890.10	130889.20	3490	5	46.54	83.96	7641
81314359	48910.71	218577.22	6348	7	110.06	76.33	9525
81322936	33570.25	134723.98	4357	8	74.65	72.85	9211
81323607	5493.59	58041.37	713	2	2867.84	16.41	3253
81327567	0.00	13104.00	0	0	0	0.00	0
81336520	92512.73	305087.09	12007	4	82.38	100.75	8928
81344194	321710.39	235016.11	41754	34	4534.62	341.59	439
81347364	30773.37	326995.21	3994	2	52.58	20.46	10690
81354716	22382.73	126876.94	2905	4	32.56	92.93	9992
81357025	33400.74	205897.14	4335	4	58.84	54.13	10026
81362184	9014.73	91935.15	1170	3	2705.11	21.04	8276
81368505	37630.73	316116.48	4884	6	8131.98	55.31	9943
81369174	11018.01	188444.14	1430	4	4707.58	93.36	8652
81375658	10324.57	338631.51	1340	5	128.28	76.86	10649
81377126	29817.96	151358.21	3870	6	54.07	90.20	9666
81377761	31836.65	273658.55	4132	2	34.84	17.09	10583
81386346	4468.84	52615.88	580	2	8.26	17.16	7418
81393955	20186.84	250673.58	2620	4	73.35	53.62	10541
81395145	0.00	13104.00	0	0	0	0.00	0
81399088	20417.98	153663.83	2650	4	41.88	46.77	10209
81400913	7512.28	162940.08	975	2	25.50	17.87	7567
81403938	40758.92	251515.04	5290	4	71.49	28.00	10173
81411062	0.00	13104.00	0	0	0	0.00	0
81412938	10863.91	282252.67	1410	4	86.60	46.18	10749
81422633	67286.89	358823.39	8733	4	95.09	101.16	9693
81429014	18877.00	313310.45	2450	6	1172.75	110.37	10163
81434229	7389.00	82327.28	959	5	2198.29	65.56	9728
81442836	8706.54	196607.29	1130	2	28.72	14.97	10943
81446553	41059.41	284641.76	5329	8	4529.96	54.71	9673
81450488	22729.46	61319.15	2950	2	26.25	6.70	2489
81454337	17744.38	327004.92	2303	7	164.68	137.54	10099
81460469	3428.68	19765.69	445	2	12.33	16.40	446
81465707	23469.13	132787.59	3046	4	34.55	44.06	9847
81466919	26011.74	175977.62	3376	4	47.06	62.65	10134
81476600	44649.90	244509.68	5795	5	11200.45	106.68	8886
81485506	56985.44	188715.54	7396	4	47.61	36.96	9189
81489568	15101.60	292839.06	1960	2	41.63	45.79	10844
81495691	23576.99	141285.39	3060	6	9872.08	64.03	8572
81498924	25580.27	264804.93	3320	4	75.92	64.91	10408
81500068	27198.30	292615.44	3530	3	63.53	38.44	10459
81500085	0.00	13104.00	0	0	0	0.00	0
81500549	0.00	13104.00	0	0	0	0.00	0
81504162	4854.09	110748.92	630	3	23.45	20.13	10902
81506008	0.00	13104.00	0	0	0	0.00	0
81514583	19108.15	136020.23	2480	4	36.28	36.49	10282
81520298	10555.71	122308.90	1370	4	32.88	65.33	10416
81521324	18106.52	151324.52	2350	4	41.39	41.67	10432
81521353	38293.35	195261.62	4970	4	49.83	94.15	9592
81530769	31320.42	213972.20	4065	4	54.53	49.11	10233
81532458	0.00	13104.00	0	0	0	0.00	0
81537473	0.00	13104.00	0	0	0	0.00	0
81540674	0.00	13104.00	0	0	0	0.00	0
81543889	21766.34	176624.00	2825	6	73.12	110.42	9816
81544992	19924.87	65952.83	2586	6	84.39	43.18	8406
81547016	108870.24	249933.38	14130	7	109.49	95.97	8442
81556798	80739.65	270926.54	10479	6	11229.88	68.27	9349
81562085	19100.45	87325.23	2479	8	41.45	124.56	9173
81569600	30781.08	130478.63	3995	6	47.89	130.02	9404
81571648	0.00	13104.00	0	0	0	0.00	0
81574889	65884.60	233325.80	8551	6	93.97	117.06	8886
81582775	30634.68	264878.83	3976	6	108.79	148.68	9749
81585806	63449.85	292082.85	8235	6	112.72	97.28	9300
81587100	66146.57	273980.28	8585	6	111.05	30.39	9564
81590450	0.00	13104.00	0	0	0	0.00	0
81595692	0.00	13104.00	0	0	0	0.00	0
81597018	0.00	13104.00	0	0	0	0.00	0
81601453	294103.74	190728.53	38171	32	499.18	466.64	32
81607227	253190.72	165740.65	32861	29	12298.87	380.49	713
81611212	306308.30	162280.96	39755	33	499.71	342.99	33
81619651	191389.72	266121.71	24840	15	282.39	246.28	5656
81620832	228172.91	156546.25	29614	27	15296.60	339.26	2036
81628009	271374.28	178547.54	35221	30	6001.41	357.50	295
81630373	81864.56	213667.92	10625	8	125.46	83.30	8225
81638922	126329.54	168671.86	16396	26	315.07	304.50	4028
81640727	128902.98	158771.14	16730	24	21222.00	317.98	2922
81642632	204819.36	204770.98	26583	23	790.48	303.45	3543
81644701	0.00	13104.00	0	0	0	0.00	0
81650890	121660.37	323636.50	15790	9	206.60	101.81	8585
81652500	0.00	13104.00	0	0	0	0.00	0
81653101	111289.58	156174.49	14444	22	224.92	317.62	4898
81659278	0.00	13104.00	0	0	0	0.00	0
81669277	177328.27	115389.64	23015	27	15412.16	325.17	1255
81673172	125782.49	115158.89	16325	30	5073.60	403.54	460
81676227	76355.56	196471.38	9910	16	224.92	176.18	7290
81680771	235577.32	278680.12	30575	16	329.09	173.53	5929
81685770	84692.26	78905.43	10992	22	11263.25	250.28	1265
81688644	243551.89	361575.04	31610	28	703.71	382.81	3981
81697643	194032.50	184325.07	25183	19	3632.86	213.93	4489
81700227	348523.45	218437.17	45234	33	560.68	459.32	155
81702003	0.00	13104.00	0	0	0	0.00	0
81706657	0.00	13104.00	0	0	0	0.00	0
81710580	18645.86	266677.78	2420	5	110.14	31.13	10376
81711305	0.00	13104.00	0	0	0	0.00	0
81716322	97967.80	252916.44	12715	6	22590.44	38.73	8723
81721823	411711.33	263018.80	53435	36	830.75	414.33	439


## -- Service Statistics -- ##
MMSI	ServiceID	TimeElapsed	TimeWaited	FuelReceived
75306608	BSV0000622	9832	8787	9630
56679227	BSV0000637	9601	9138	3930
87624079	BSV0000648	9745	9543	1040
83144331	BSV0000195	15737	14180	13950
84937322	BSV0000947	5767	5628	530
65341322	BSV0000900	6673	6530	760
66127460	BSV0000770	8367	7474	6350
88075744	BSV0000380	14114	13917	1720
83290050	BSV0000664	9572	9150	4520
65028562	BSV0001370	218	1	650
60216062	BSV0000867	7253	6855	2470
64545260	BSV0000939	6078	5960	460
60020547	BSV0001201	2678	1801	4920
86665131	BSV0001365	782	423	1760
65931707	BSV0000960	6209	6037	860
85424466	BSV0000367	13821	13716	700
76484020	BSV0000353	14466	14288	1060
87933517	BSV0000721	9322	9001	2200
58617171	BSV0000585	11320	10653	6630
57165733	BSV0000606	11583	11196	2990
79222305	BSV0000375	14551	14216	2890
65832194	BSV0000814	8859	8605	1610
72349061	BSV0000749	9268	8954	2880
61442220	BSV0001200	3189	2721	2970
87838553	BSV0001148	4594	4233	2450
65797965	BSV0000885	7284	6854	2670
57308053	BSV0001178	3671	3538	510
63727481	BSV0001414	212	1	620
78513390	BSV0000954	7137	6875	810
71606416	BSV0000812	8511	8328	610
79874785	BSV0000305	15202	14879	2160
63652716	BSV0001058	5442	5265	750
63466314	BSV0000762	9313	9111	1600
65400551	BSV0000842	8754	8549	940
83335232	BSV0001405	774	623	650
87920606	BSV0000462	14227	13567	6240
