## -- Bunker Barge Statistics -- ##
MMSI	GrossProfit	OperCost	FuelDelivered	DriftTime	DriftCost	Distance	TIdleTime
81287376	6703.26	40168.91	870	2	17.86	5.67	1280
81289745	0.00	24570.00	0	0	0	0.00	0
81297090	142232.45	492170.24	18460	13	242.18	161.94	16970
81298298	177251.22	534633.73	23005	16	305.02	320.80	16017
81306632	44187.60	166013.75	5735	12	5326.42	223.31	14819
81308415	44226.13	268083.61	5740	12	128.52	155.37	16026
81314359	89161.10	399116.73	11572	14	211.52	127.35	17688
81322936	47747.27	255150.84	6197	13	124.00	104.76	18126
81323607	5493.59	69507.37	713	2	2867.84	16.41	3253
81327567	0.00	24570.00	0	0	0	0.00	0
81336520	187121.20	547603.86	24286	12	254.79	165.86	15907
81344194	453441.07	479411.59	58851	43	4729.85	459.43	6527
81347364	117438.09	613921.06	15242	10	229.60	182.78	17946
81354716	59289.21	212895.47	7695	14	109.04	210.42	17383
81357025	110734.82	360126.02	14372	14	189.74	134.77	16870
81362184	33285.17	186351.98	4320	9	2748.24	62.46	16462
81368505	68242.30	606493.80	8857	14	8334.97	103.75	18670
81369174	48540.87	394187.40	6300	12	4832.30	277.15	16398
81375658	126822.65	594277.46	16460	10	214.40	189.54	18065
81377126	69421.15	281454.93	9010	12	114.69	139.05	17677
81377761	113416.13	505488.29	14720	10	192.35	111.13	17834
81386346	13945.87	95710.05	1810	6	24.56	69.18	12428
81393955	57401.51	463567.40	7450	10	180.63	111.90	19084
81395145	0.00	24570.00	0	0	0	0.00	0
81399088	59135.11	282219.68	7675	9	88.98	112.45	18149
81400913	27545.02	376162.60	3575	7	110.68	102.22	16366
81403938	101165.34	472126.36	13130	8	143.46	86.66	18410
81411062	0.00	24570.00	0	0	0	0.00	0
81412938	82134.23	506820.91	10660	8	157.20	103.16	18884
81422633	230345.69	639970.47	29896	10	219.67	235.12	16123
81429014	76787.03	557844.22	9966	9	1229.22	139.86	18782
81434229	21427.33	155831.58	2781	9	2218.02	126.10	18268
81442836	36983.52	365396.56	4800	6	82.41	69.36	19475
81446553	48995.46	551343.66	6359	10	4577.49	67.33	19257
81450488	140922.62	215161.09	18290	12	22701.72	123.53	7862
81454337	28708.46	597111.14	3726	11	258.46	195.57	19391
81460469	3428.68	31231.69	445	2	12.33	16.40	446
81465707	56384.46	243305.30	7318	8	65.35	95.47	17764
81466919	57062.49	328796.08	7406	8	92.12	139.15	18610
81476600	97428.46	477146.78	12645	9	11267.66	211.61	17244
81485506	77634.57	370590.02	10076	8	109.64	63.73	18132
81489568	109124.50	533998.57	14163	8	147.19	184.92	18336
81495691	38640.07	286257.03	5015	10	9919.02	108.26	17647
81498924	53048.24	491587.14	6885	8	151.10	110.33	19396
81500068	63796.57	545055.14	8280	7	148.11	80.33	19256
81500085	0.00	24570.00	0	0	0	0.00	0
81500549	0.00	24570.00	0	0	0	0.00	0
81504162	8398.34	208100.00	1090	6	47.41	39.43	20435
81506008	0.00	24570.00	0	0	0	0.00	0
81514583	35519.59	255173.32	4610	8	73.63	68.82	19229
81520298	26581.90	229600.88	3450	8	63.60	156.81	19049
81521324	45258.58	282545.67	5874	8	79.18	107.85	19008
81521353	82827.67	355159.62	10750	8	97.18	147.78	17698
81530769	41567.94	413154.49	5395	7	104.52	101.87	19575
81532458	0.00	24570.00	0	0	0	0.00	0
81537473	0.00	24570.00	0	0	0	0.00	0
81540674	5932.77	64118.79	770	2	32.15	9.81	1977
81543889	31705.66	322705.70	4115	8	96.43	126.96	19209
81544992	30056.81	132878.90	3901	10	102.09	103.81	17276
81547016	118886.61	506825.90	15430	9	152.23	150.90	17899
81556798	186319.89	505714.97	24182	12	11332.04	186.05	16667
81562085	23954.53	163134.81	3109	10	52.28	149.91	18585
81569600	54974.46	240927.60	7135	10	78.35	201.42	17944
81571648	0.00	24570.00	0	0	0	0.00	0
81574889	74205.89	450997.55	9631	9	150.73	155.06	18292
81582775	81664.24	473683.78	10599	10	169.16	248.91	17902
81585806	188492.67	540883.46	24464	16	316.97	267.13	15282
81587100	81402.27	533964.17	10565	10	205.09	61.21	18856
81590450	0.00	24570.00	0	0	0	0.00	0
81595692	0.00	24570.00	0	0	0	0.00	0
81597018	0.00	24570.00	0	0	0	0.00	0
81601453	404853.97	381625.05	52545	45	702.87	640.18	5717
81607227	455791.06	325210.72	59156	56	12692.01	782.27	1639
81611212	380306.16	349157.98	49359	42	637.85	448.36	7156
81619651	240855.17	510932.96	31260	22	423.57	337.74	13823
81620832	416511.48	310851.14	54058	50	15592.25	631.28	4622
81628009	461269.25	335750.80	59867	49	6320.36	587.02	2593
81630373	115704.48	413159.46	15017	12	191.01	119.25	16872
81638922	231886.67	306474.39	30096	46	562.54	542.03	8037
81640727	208194.10	319327.48	27021	40	21430.02	507.89	8636
81642632	336835.11	370633.27	43717	37	995.79	486.32	8386
81644701	0.00	24570.00	0	0	0	0.00	0
81650890	127516.10	630147.71	16550	11	262.09	120.65	18259
81652500	0.00	24570.00	0	0	0	0.00	0
81653101	183823.50	289113.95	23858	34	8613.83	491.59	11091
81659278	0.00	24570.00	0	0	0	0.00	0
81669277	324191.37	238832.29	42076	53	15664.98	680.82	3143
81673172	282608.03	227953.39	36679	61	14065.00	765.55	1272
81676227	135860.50	357447.59	17633	24	328.92	263.58	14760
81680771	310099.11	598793.62	40247	26	582.00	343.35	13479
81685770	185248.91	145382.46	24043	43	19426.02	451.17	2184
81688644	464019.90	611039.91	60224	45	1084.61	577.21	8326
81697643	403351.51	335750.87	52350	43	3976.30	515.37	6337
81700227	484021.82	414017.14	62820	45	761.08	584.26	6200
81702003	0.00	24570.00	0	0	0	0.00	0
81706657	0.00	24570.00	0	0	0	0.00	0
81710580	75816.22	493357.90	9840	9	181.47	65.09	18735
81711305	0.00	24570.00	0	0	0	0.00	0
81716322	141423.44	500228.55	18355	10	22672.11	61.60	17603
81721823	640932.11	516305.57	83185	52	1188.98	641.94	4654


## -- Service Statistics -- ##
MMSI	ServiceID	TimeElapsed	TimeWaited	FuelReceived
80320029	BSV0002133	274	44	870
62218979	BSV0001294	10770	10617	680
72004328	BSV0001390	9926	9738	660
82242540	BSV0000778	17774	17616	1220
84367362	BSV0000467	22991	22802	1010
85977155	BSV0000928	16547	16249	970
67633708	BSV0001098	14291	13785	4490
56261042	BSV0001402	10495	10218	1070
66624240	BSV0000611	20722	20573	480
79446362	BSV0000681	19827	19548	2030
85429563	BSV0000349	24171	23432	5580
78911495	BSV0000447	22748	21784	9350
57912553	BSV0001403	10188	10073	520
69177120	BSV0001353	10881	10537	2000
85470293	BSV0000876	18037	17690	3610
62506084	BSV0001224	13215	12751	1600
78085401	BSV0002087	1206	697	1750
60935660	BSV0001873	4751	4469	1320
84672373	BSV0000602	21574	21331	1680
57835132	BSV0001858	5026	4613	2410
57735453	BSV0000910	17291	17061	1490
83120572	BSV0000921	17652	17465	1010
59476550	BSV0000977	16381	16021	1560
