## -- Bunker Barge Statistics -- ##
MMSI	GrossProfit	OperCost	FuelDelivered	DriftTime	DriftCost	Distance	TIdleTime
81287376	0.00	11466.00	0	0	0	0.00	0
81289745	0.00	11466.00	0	0	0	0.00	0
81297090	60599.04	236670.26	7865	7	136.75	95.33	7897
81298298	79938.34	262581.24	10375	8	155.96	194.35	7401
81306632	19493.40	65347.81	2530	4	5281.24	77.94	5763
81308415	10478.66	111818.49	1360	4	40.37	57.60	6840
81314359	25426.17	195875.47	3300	6	98.56	63.06	8665
81322936	28870.26	117289.52	3747	6	54.52	58.27	8191
81323607	5493.59	56403.37	713	2	2867.84	16.41	3253
81327567	0.00	11466.00	0	0	0	0.00	0
81336520	68797.05	270868.77	8929	4	82.38	94.43	7952
81344194	296892.91	207540.71	38533	30	4452.32	309.01	173
81347364	6703.26	291003.03	870	2	52.58	14.38	9655
81354716	14446.69	110707.19	1875	4	32.56	73.42	8896
81357025	23908.30	180137.49	3103	4	58.84	43.21	8879
81362184	9014.73	76996.38	1170	2	2696.32	15.19	6980
81368505	32730.42	272716.57	4248	6	8131.98	45.84	8680
81369174	11018.01	157861.77	1430	4	4707.58	76.63	7334
81375658	10324.57	298895.83	1340	5	128.28	76.86	9264
81377126	29817.96	131395.95	3870	6	54.07	90.20	8226
81377761	31836.65	237838.75	4132	2	34.84	17.09	9143
81386346	4468.84	43753.90	580	2	8.26	17.16	5978
81393955	20186.84	219743.19	2620	4	73.35	53.62	9101
81395145	0.00	11466.00	0	0	0	0.00	0
81399088	20417.98	134031.93	2650	4	41.88	46.77	8769
81400913	7512.28	133705.57	975	2	25.50	17.87	6127
81403938	40758.92	218316.15	5290	4	71.49	28.00	8733
81411062	0.00	11466.00	0	0	0	0.00	0
81412938	10863.91	247886.49	1410	4	86.60	46.18	9309
81422633	67286.89	313334.91	8733	4	95.09	101.16	8253
81429014	18877.00	275970.98	2450	6	1172.75	110.37	8723
81434229	7389.00	71791.44	959	5	2198.29	65.56	8288
81442836	8706.54	171799.67	1130	2	28.72	14.97	9503
81446553	41059.41	246509.41	5329	8	4529.96	54.71	8233
81450488	22729.46	34287.08	2950	2	26.25	6.70	1049
81454337	17744.38	290039.86	2303	7	164.68	137.54	8659
81460469	3428.68	18127.69	445	2	12.33	16.40	446
81465707	23469.13	115358.13	3046	4	34.55	44.06	8407
81466919	26011.74	153680.78	3376	4	47.06	62.65	8694
81476600	44649.90	211134.60	5795	5	11200.45	106.68	7446
81485506	56985.44	161793.59	7396	4	47.61	36.96	7749
81489568	15101.60	256909.14	1960	2	41.63	45.79	9404
81495691	23576.99	120596.33	3060	6	9872.08	64.03	7132
81498924	25580.27	232178.67	3320	4	75.92	64.91	8968
81500068	27198.30	255297.99	3530	3	63.53	38.44	9019
81500085	0.00	11466.00	0	0	0	0.00	0
81500549	0.00	11466.00	0	0	0	0.00	0
81504162	4854.09	96931.46	630	3	23.45	20.13	9462
81506008	0.00	11466.00	0	0	0	0.00	0
81514583	19108.15	118590.77	2480	4	36.28	36.49	8842
81520298	10555.71	107324.14	1370	4	32.88	65.33	8976
81521324	18106.52	132199.19	2350	4	41.39	41.67	8992
81521353	38293.35	172409.34	4970	3	33.57	91.15	8383
81530769	31320.42	186389.52	4065	4	54.53	49.11	8793
81532458	0.00	11466.00	0	0	0	0.00	0
81537473	0.00	11466.00	0	0	0	0.00	0
81540674	0.00	11466.00	0	0	0	0.00	0
81543889	21304.05	152983.12	2765	4	48.39	84.61	8637
81544992	19924.87	56496.19	2586	6	84.39	43.18	6966
81547016	108870.24	216603.06	14130	6	86.14	69.47	7364
81556798	80739.65	238399.09	10479	5	11205.87	65.38	8162
81562085	17582.58	77148.41	2282	5	26.02	95.76	8231
81569600	30203.21	115303.32	3920	4	33.80	104.39	8346
81571648	0.00	11466.00	0	0	0	0.00	0
81574889	61161.50	205175.14	7938	4	62.92	90.33	7905
81582775	30634.68	234212.74	3976	6	108.79	148.68	8309
81585806	63449.85	253884.43	8235	6	112.72	97.28	7860
81587100	66146.57	236310.45	8585	6	111.05	30.39	8124
81590450	0.00	11466.00	0	0	0	0.00	0
81595692	0.00	11466.00	0	0	0	0.00	0
81597018	0.00	11466.00	0	0	0	0.00	0
81601453	256056.94	165550.82	33233	28	435.09	407.08	28
81607227	223549.97	148368.25	29014	25	12247.27	340.51	709
81611212	276336.24	142491.27	35865	29	444.36	304.83	29
81619651	141539.01	240795.36	18370	11	205.94	198.78	5652
81620832	228065.04	134958.79	29600	25	15275.37	328.46	954
81628009	226030.95	162699.18	29336	27	5957.15	323.85	292
81630373	77465.06	184486.32	10054	6	89.15	72.90	7071
81638922	104917.62	143514.82	13617	20	236.76	232.68	4022
81640727	100048.13	135773.69	12985	20	21171.65	250.07	2918
81642632	165154.53	173043.08	21435	19	718.71	233.24	3539
81644701	0.00	11466.00	0	0	0	0.00	0
81650890	68881.81	297179.71	8940	5	117.19	73.15	8337
81652500	0.00	11466.00	0	0	0	0.00	0
81653101	83937.18	139603.40	10894	19	198.20	267.46	4787
81659278	0.00	11466.00	0	0	0	0.00	0
81669277	156401.77	101311.91	20299	23	15378.60	270.23	1251
81673172	102706.32	98298.67	13330	24	5021.25	341.14	454
81676227	52239.22	172321.83	6780	12	170.69	123.59	7114
81680771	235577.32	236269.30	30575	16	329.09	172.79	4555
81685770	73735.89	64050.20	9570	18	7587.11	212.89	853
81688644	196020.36	314894.46	25441	24	608.24	327.23	3688
81697643	159522.25	161448.83	20704	17	3603.46	178.07	4143
81700227	320462.20	184125.47	41592	28	476.30	382.12	116
81702003	0.00	11466.00	0	0	0	0.00	0
81706657	0.00	11466.00	0	0	0	0.00	0
81710580	10478.66	231518.32	1360	3	66.36	16.89	9356
81711305	0.00	11466.00	0	0	0	0.00	0
81716322	75777.69	221026.19	9835	4	22549.78	20.79	7905
81721823	372400.93	229718.94	48333	32	737.73	379.70	32


## -- Service Statistics -- ##
MMSI	ServiceID	TimeElapsed	TimeWaited	FuelReceived
64389769	BSV0001236	434	14	2950
68210888	BSV0000614	8588	7204	10310
59071382	BSV0000558	9963	9874	430
80245620	BSV0001302	452	31	2230
86776960	BSV0001102	2904	2614	1660
76494370	BSV0000813	6060	5866	790
56604001	BSV0000383	12665	12424	1960
86679712	BSV0000901	5029	4416	2190
73299857	BSV0000505	11316	11087	1440
69541185	BSV0001152	1694	1249	2420
81515689	BSV0000695	8243	8031	630
67645054	BSV0001008	3740	3558	580
74836096	BSV0001291	307	1	1000
65005065	BSV0001143	2451	2169	1830
84169827	BSV0000503	11236	11067	410
69518987	BSV0000547	10311	9889	3690
57198867	BSV0001118	2618	2441	880
77758890	BSV0000478	11744	11437	1470
73033189	BSV0000399	12813	12577	840
57857896	BSV0000792	7492	7360	550
60008658	BSV0000808	7637	7158	1620
86062852	BSV0001358	243	1	1060
81478825	BSV0000291	14195	13418	5770
65308143	BSV0000356	13581	13449	680
