## -- Bunker Barge Statistics -- ##
MMSI	GrossProfit	OperCost	FuelDelivered	DriftTime	DriftCost	Distance	TIdleTime
81287376	0.00	16380.00	0	0	0	0.00	0
81289745	0.00	16380.00	0	0	0	0.00	0
81297090	60599.04	340878.74	7865	7	136.75	95.88	12151
81298298	79938.34	368801.88	10375	8	155.96	194.52	11653
81306632	25734.37	103473.70	3340	6	5293.60	119.20	9438
81308415	26890.10	170100.11	3490	6	59.24	110.54	10173
81314359	56977.74	267832.94	7395	10	151.86	90.15	11836
81322936	33570.25	169670.99	4357	8	74.65	72.85	12091
81323607	5493.59	61317.37	713	2	2867.84	16.41	3253
81327567	0.00	16380.00	0	0	0	0.00	0
81336520	104147.13	377374.50	13517	6	123.19	111.68	11252
81344194	321710.39	314496.36	41754	34	4534.62	341.59	3319
81347364	38986.79	403241.17	5060	4	95.01	30.50	13145
81354716	38871.22	143618.68	5045	7	51.59	133.12	12042
81357025	35542.70	257975.03	4613	6	88.39	68.44	12630
81362184	9014.73	120539.15	1170	3	2705.11	21.04	11156
81368505	47816.61	396926.04	6206	10	8232.04	68.55	12372
81369174	16950.78	245283.96	2200	6	4740.13	124.27	11140
81375658	10324.57	418232.60	1340	5	128.28	77.45	13511
81377126	29817.96	191284.73	3870	6	54.07	90.49	12473
81377761	43316.95	344351.86	5622	4	77.75	35.79	12960
81386346	8475.39	71206.60	1100	4	16.70	51.18	9720
81393955	34132.71	313417.01	4430	6	108.50	86.10	12819
81395145	0.00	16380.00	0	0	0	0.00	0
81399088	37638.44	187332.99	4885	6	60.03	69.48	12148
81400913	19763.07	221496.08	2565	6	94.60	48.68	9740
81403938	46460.55	321897.02	6030	6	113.06	53.99	12654
81411062	0.00	16380.00	0	0	0	0.00	0
81412938	47038.41	339208.80	6105	6	117.69	70.78	12639
81422633	117831.04	427031.15	15293	6	135.93	111.62	11549
81429014	63989.19	370726.69	8305	8	1204.42	126.34	12000
81434229	12705.38	104095.94	1649	7	2208.54	102.38	11968
81442836	23114.70	243363.28	3000	4	55.18	41.77	13083
81446553	41059.41	360836.11	5329	8	4529.96	54.90	12487
81450488	52894.14	105723.92	6865	4	49.54	28.72	4399
81454337	28708.46	410898.48	3726	9	209.40	189.94	12419
81460469	3428.68	23041.69	445	2	12.33	16.40	446
81465707	38971.38	163098.10	5058	6	50.33	76.57	11671
81466919	34178.94	222842.05	4436	6	72.51	99.14	12436
81476600	61600.68	316006.33	7995	7	11237.80	157.64	11087
81485506	63149.36	241543.38	8196	6	80.28	49.24	11635
81489568	51160.54	358673.20	6640	4	74.94	92.78	12768
81495691	34363.85	180920.58	4460	8	9894.26	84.49	10849
81498924	34633.53	334490.66	4495	6	115.37	99.00	12801
81500068	63796.57	358420.30	8280	7	148.11	79.73	12123
81500085	0.00	16380.00	0	0	0	0.00	0
81500549	0.00	16380.00	0	0	0	0.00	0
81504162	8398.34	138355.49	1090	5	38.96	33.19	13377
81506008	0.00	16380.00	0	0	0	0.00	0
81514583	23962.24	170990.19	3110	6	56.28	52.90	12725
81520298	18183.56	153588.39	2360	6	48.39	110.14	12587
81521324	31975.34	188329.12	4150	6	60.17	76.68	12542
81521353	57170.36	237028.06	7420	6	74.85	102.64	11662
81530769	41567.94	274203.41	5395	6	86.50	96.55	12525
81532458	0.00	16380.00	0	0	0	0.00	0
81537473	0.00	16380.00	0	0	0	0.00	0
81540674	0.00	16380.00	0	0	0	0.00	0
81543889	21766.34	219136.50	2825	6	73.12	110.77	12631
81544992	25202.73	84843.05	3271	8	93.16	68.63	10681
81547016	108870.24	320463.42	14130	7	109.49	96.30	11265
81556798	110534.50	353444.79	14346	8	11270.35	139.74	11282
81562085	19100.45	108963.75	2479	8	41.45	124.82	11987
81569600	43417.11	161496.80	5635	8	62.91	167.27	11485
81571648	0.00	16380.00	0	0	0	0.00	0
81574889	74205.89	297529.33	9631	8	130.71	149.68	11241
81582775	63673.29	321864.27	8264	6	108.79	170.73	11927
81585806	98052.56	361996.06	12726	6	112.72	114.29	11539
81587100	81402.27	350257.44	10565	9	180.06	54.47	11866
81590450	0.00	16380.00	0	0	0	0.00	0
81595692	0.00	16380.00	0	0	0	0.00	0
81597018	0.00	16380.00	0	0	0	0.00	0
81601453	368949.14	232387.19	47885	40	620.31	556.79	119
81607227	292123.58	213891.97	37914	35	12387.48	499.13	1618
81611212	375760.27	199694.46	48769	39	583.31	412.57	489
81619651	214735.56	344303.39	27870	19	369.57	303.55	7560
81620832	238713.21	207522.36	30982	27	15296.60	358.17	4599
81628009	345541.65	225264.78	44847	38	6138.01	449.09	303
81630373	88822.09	273380.55	11528	8	125.46	91.27	10845
81638922	158150.78	198537.91	20526	29	345.84	360.92	5478
81640727	176449.91	208774.00	22901	35	21367.30	459.28	2933
81642632	212339.34	258171.94	27559	25	815.62	321.11	5796
81644701	0.00	16380.00	0	0	0	0.00	0
81650890	121660.37	410194.50	15790	9	206.60	102.29	11399
81652500	0.00	16380.00	0	0	0	0.00	0
81653101	150892.76	194581.98	19584	29	8564.27	419.85	5565
81659278	0.00	16380.00	0	0	0	0.00	0
81669277	231963.72	144707.19	30106	36	15501.32	414.89	1264
81673172	165894.20	147383.91	21531	40	5169.17	522.32	470
81676227	92150.60	240546.03	11960	18	250.56	190.81	9551
81680771	235577.32	363314.07	30575	16	329.09	173.53	8809
81685770	111143.18	89595.47	14425	26	11288.01	281.56	1269
81688644	291052.60	437165.99	37775	34	856.36	437.90	5227
81697643	248197.94	225152.59	32213	26	3730.82	291.60	5336
81700227	348523.45	283241.84	45234	34	581.86	461.66	3021
81702003	0.00	16380.00	0	0	0	0.00	0
81706657	0.00	16380.00	0	0	0	0.00	0
81710580	18645.86	337656.63	2420	5	110.14	31.13	13256
81711305	0.00	16380.00	0	0	0	0.00	0
81716322	97967.80	327419.19	12715	6	22590.44	38.73	11603
81721823	411711.33	346199.14	53435	36	830.75	414.33	3319


## -- Service Statistics -- ##
MMSI	ServiceID	TimeElapsed	TimeWaited	FuelReceived
76522249	BSV0000766	10880	10593	2200
64334622	BSV0000516	14796	14637	1300
88590889	BSV0001283	4081	3740	1660
59893645	BSV0000807	10201	10023	460
87364696	BSV0000332	17120	16868	1810
84195179	BSV0001063	7260	7076	630
62893104	BSV0000944	9678	9202	2570
59617150	BSV0000950	9264	9046	1150
57109549	BSV0001506	1551	1367	830
62177844	BSV0000495	15396	15085	990
64659051	BSV0000849	10114	9267	5560
81925424	BSV0000376	16926	16222	6010
62901251	BSV0000534	14766	14403	1800
63597314	BSV0001651	247	27	980
66997670	BSV0001227	5583	5324	1190
68263230	BSV0000477	15950	15493	2450
75211987	BSV0000388	16499	16223	2470
87530756	BSV0000318	17330	16964	2940
77787295	BSV0001538	1468	1284	820
87281817	BSV0000276	18546	17888	4610
58914915	BSV0000204	19614	19460	870
79888886	BSV0001007	9273	8890	2580
86519353	BSV0001406	3185	2797	1640
79469052	BSV0001700	156	49	340
84624515	BSV0001372	4350	4100	1230
69299815	BSV0001253	6254	6081	980
80048832	BSV0001548	1367	1251	480
85145252	BSV0000261	19063	18904	1110
