## -- Bunker Barge Statistics -- ##
MMSI	GrossProfit	OperCost	FuelDelivered	DriftTime	DriftCost	Distance	TIdleTime
81287376	0.00	9828.00	0	0	0	0.00	0
81289745	0.00	9828.00	0	0	0	0.00	0
81297090	60599.04	201951.68	7865	7	136.75	95.33	6457
81298298	79938.34	227157.89	10375	8	155.96	194.35	5961
81306632	19493.40	53028.00	2530	4	5281.24	77.94	4323
81308415	10478.66	91900.28	1360	4	40.37	57.60	5400
81314359	25426.17	168160.64	3300	6	98.56	63.06	7225
81322936	28870.26	99816.01	3747	6	54.52	58.27	6751
81323607	5493.59	54765.37	713	2	2867.84	16.41	3253
81327567	0.00	9828.00	0	0	0	0.00	0
81336520	68797.05	229741.11	8929	4	82.38	94.43	6512
81344194	249600.24	189988.69	32395	26	4383.43	286.58	169
81347364	6703.26	249589.06	870	2	52.58	14.38	8215
81354716	14446.69	95281.95	1875	4	32.56	73.42	7456
81357025	23908.30	153898.30	3103	4	58.84	43.21	7439
81362184	9014.73	62694.37	1170	2	2696.32	15.19	5540
81368505	32730.42	231104.38	4248	6	8131.98	45.84	7240
81369174	11018.01	131093.99	1430	4	4707.58	76.63	5894
81375658	10324.57	259133.68	1340	5	128.28	76.86	7824
81377126	29817.96	111433.69	3870	6	54.07	90.20	6786
81377761	31836.65	202018.96	4132	2	34.84	17.09	7703
81386346	4468.84	34891.91	580	2	8.26	17.16	4538
81393955	20186.84	188812.81	2620	4	73.35	53.62	7661
81395145	0.00	9828.00	0	0	0	0.00	0
81399088	20417.98	114400.04	2650	4	41.88	46.77	7329
81400913	7512.28	104471.06	975	2	25.50	17.87	4687
81403938	40758.92	185117.26	5290	4	71.49	28.00	7293
81411062	0.00	9828.00	0	0	0	0.00	0
81412938	10863.91	213520.30	1410	4	86.60	46.18	7869
81422633	67286.89	267846.43	8733	4	95.09	101.16	6813
81429014	18877.00	238631.51	2450	6	1172.75	110.37	7283
81434229	7389.00	61255.61	959	5	2198.29	65.56	6848
81442836	8706.54	146992.06	1130	2	28.72	14.97	8063
81446553	41059.41	208377.06	5329	8	4529.96	54.71	6793
81450488	16149.47	11830.45	2096	0	0	2.48	0
81454337	17744.38	252580.27	2303	6	140.15	133.33	7317
81460469	3428.68	16489.69	445	2	12.33	16.40	446
81465707	10540.30	104539.25	1368	2	19.31	35.56	7788
81466919	13483.58	134387.68	1750	2	23.71	38.34	7825
81476600	5701.63	191546.66	740	3	11171.84	76.44	6974
81485506	26435.51	148713.13	3431	2	24.62	13.82	7492
81489568	0.00	215544.78	0	0	0	0.15	8571
81495691	17490.12	99042.65	2270	4	9848.03	41.11	6179
81498924	14485.21	197157.72	1880	2	37.29	34.15	8063
81500068	0.00	225282.25	0	1	24.78	5.16	8494
81500085	0.00	9828.00	0	0	0	0.00	0
81500549	0.00	9828.00	0	0	0	0.00	0
81504162	0.00	83453.75	0	1	8.46	5.11	8489
81506008	0.00	9828.00	0	0	0	0.00	0
81514583	14639.31	100495.20	1900	2	16.12	17.70	7830
81520298	7396.70	91803.00	960	2	15.60	48.83	7942
81521324	6780.31	113181.12	880	2	21.60	7.32	8225
81521353	12512.76	152224.17	1624	2	27.55	47.74	7882
81530769	31320.42	158705.18	4065	4	54.53	48.29	7419
81532458	0.00	9828.00	0	0	0	0.00	0
81537473	0.00	9828.00	0	0	0	0.00	0
81540674	0.00	9828.00	0	0	0	0.00	0
81543889	8937.68	125783.73	1160	2	23.71	18.37	8019
81544992	13329.48	48262.48	1730	4	76.15	30.33	6186
81547016	76509.66	185082.34	9930	4	63.04	44.88	6639
81556798	48795.13	201765.36	6333	4	11194.54	20.21	7370
81562085	9777.52	66370.12	1269	4	21.63	70.29	7381
81569600	15795.04	99585.38	2050	4	33.80	82.21	7441
81571648	0.00	9828.00	0	0	0	0.00	0
81574889	43224.49	174321.70	5610	4	62.92	66.94	6942
81582775	30634.68	203546.13	3976	6	108.79	148.39	6935
81585806	63449.85	215695.55	8235	6	112.72	96.95	6478
81587100	66146.57	198666.31	8585	6	111.05	30.03	6751
81590450	0.00	9828.00	0	0	0	0.00	0
81595692	0.00	9828.00	0	0	0	0.00	0
81597018	0.00	9828.00	0	0	0	0.00	0
81601453	220899.48	142251.92	28670	25	388.64	351.81	25
81607227	187691.36	120842.42	24360	21	12185.48	271.30	705
81611212	219805.39	132750.45	28528	27	419.85	285.06	27
81619651	135143.95	198931.06	17540	11	205.94	172.86	4448
81620832	186412.35	115962.36	24194	22	15232.65	279.37	951
81628009	198709.37	131334.24	25790	22	5864.22	263.64	287
81630373	73851.47	153899.96	9585	6	89.15	65.73	5811
81638922	104917.62	118122.67	13617	20	236.76	216.58	2704
81640727	100048.13	112350.51	12985	20	21171.65	249.29	1541
81642632	165154.53	143786.55	21435	19	718.71	233.24	2105
81644701	0.00	9828.00	0	0	0	0.00	0
81650890	68881.81	253915.69	8940	5	117.19	73.15	6897
81652500	0.00	9828.00	0	0	0	0.00	0
81653101	83937.18	119927.46	10894	19	198.20	267.46	3347
81659278	0.00	9828.00	0	0	0	0.00	0
81669277	118247.10	90330.59	15347	20	15348.98	235.38	1248
81673172	81101.78	89045.74	10526	21	4886.36	310.07	441
81676227	52239.22	147712.43	6780	12	170.69	123.59	5674
81680771	235577.32	193952.33	30575	16	329.09	172.79	3115
81685770	66030.99	49288.50	8570	15	2820.43	176.77	319
81688644	196020.36	272092.95	25441	24	608.24	327.23	2248
81697643	159522.25	133800.08	20704	17	3603.46	178.07	2703
81700227	265834.46	160038.19	34502	25	424.04	330.70	113
81702003	0.00	9828.00	0	0	0	0.00	0
81706657	0.00	9828.00	0	0	0	0.00	0
81710580	10478.66	196028.90	1360	3	66.36	16.89	7916
81711305	0.00	9828.00	0	0	0	0.00	0
81716322	75777.69	183774.82	9835	4	22549.78	20.79	6465
81721823	327049.89	203350.30	42447	29	670.15	326.75	29


## -- Service Statistics -- ##
MMSI	ServiceID	TimeElapsed	TimeWaited	FuelReceived
63768151	BSV0000225	11941	10981	7350
88269199	BSV0000220	12315	12227	460
69536936	BSV0001027	2338	1941	2380
59118183	BSV0000998	2896	2571	2200
81895878	BSV0000270	12703	12159	4950
81526050	BSV0000565	8924	8489	3750
60788213	BSV0000232	12569	12421	1320
66406151	BSV0000543	8933	8689	1850
70865530	BSV0001192	286	22	1250
74829058	BSV0000739	5667	4911	4740
88792575	BSV0000674	7073	6747	1900
70126743	BSV0001182	1074	884	1030
65015634	BSV0000290	12830	12644	1540
86704133	BSV0001010	2756	2267	2990
88258415	BSV0001036	2601	1838	5310
80299122	BSV0000571	9668	8705	7610
64781113	BSV0001049	3008	2585	3020
57835931	BSV0000573	9046	8258	7260
64806673	BSV0000797	5881	5564	2090
