## -- Bunker Barge Statistics -- ##
MMSI	GrossProfit	OperCost	FuelDelivered	DriftTime	DriftCost	Distance	TIdleTime
81287376	0.00	8190.00	0	0	0	0.00	0
81289745	0.00	8190.00	0	0	0	0.00	0
81297090	60599.04	167233.11	7865	7	136.75	95.33	5017
81298298	79938.34	191734.54	10375	8	155.96	194.35	4521
81306632	19493.40	40708.19	2530	4	5281.24	77.94	2883
81308415	10478.66	71982.07	1360	4	40.37	57.60	3960
81314359	25426.17	140445.81	3300	6	98.56	63.06	5785
81322936	28870.26	82342.50	3747	6	54.52	58.27	5311
81323607	5493.59	53127.37	713	2	2867.84	16.41	3253
81327567	0.00	8190.00	0	0	0	0.00	0
81336520	68797.05	188613.45	8929	4	82.38	94.43	5072
81344194	199980.68	159525.25	25955	22	4283.25	244.23	165
81347364	6703.26	208175.08	870	2	52.58	14.38	6775
81354716	14446.69	79856.70	1875	4	32.56	73.42	6016
81357025	23908.30	127659.10	3103	4	58.84	43.21	5999
81362184	9014.73	48392.37	1170	2	2696.32	15.19	4100
81368505	32730.42	189492.18	4248	6	8131.98	45.84	5800
81369174	11018.01	104326.21	1430	4	4707.58	76.63	4454
81375658	10324.57	219371.54	1340	5	128.28	76.86	6384
81377126	29817.96	91471.43	3870	6	54.07	90.20	5346
81377761	31836.65	166199.17	4132	2	34.84	17.09	6263
81386346	4468.84	26029.92	580	2	8.26	17.16	3098
81393955	20186.84	157882.42	2620	4	73.35	53.62	6221
81395145	0.00	8190.00	0	0	0	0.00	0
81399088	20417.98	94768.15	2650	4	41.88	46.77	5889
81400913	7512.28	75236.55	975	2	25.50	17.87	3247
81403938	40758.92	151918.37	5290	4	71.49	28.00	5853
81411062	0.00	8190.00	0	0	0	0.00	0
81412938	10863.91	179154.12	1410	4	86.60	46.18	6429
81422633	67286.89	222357.95	8733	4	95.09	101.16	5373
81429014	18877.00	201292.04	2450	6	1172.75	110.37	5843
81434229	7389.00	50719.77	959	5	2198.29	65.56	5408
81442836	8706.54	122184.44	1130	2	28.72	14.97	6623
81446553	41059.41	170244.71	5329	8	4529.96	54.71	5353
81450488	0.00	8190.00	0	0	0	0.00	0
81454337	13637.67	203518.35	1770	5	117.25	90.45	6176
81460469	3428.68	14851.69	445	2	12.33	16.40	446
81465707	6595.39	87713.77	856	2	19.31	30.92	6589
81466919	12558.99	108407.61	1630	2	23.71	17.45	6566
81476600	5701.63	152842.49	740	3	11171.84	58.00	5653
81485506	26435.51	121814.62	3431	2	24.62	13.79	6111
81489568	0.00	179614.87	0	0	0	0.15	7132
81495691	17490.12	78353.59	2270	4	9848.03	41.11	4739
81498924	14485.21	164531.46	1880	2	37.29	34.15	6623
81500068	0.00	187964.81	0	1	24.78	5.16	7054
81500085	0.00	8190.00	0	0	0	0.00	0
81500549	0.00	8190.00	0	0	0	0.00	0
81504162	0.00	69636.28	0	1	8.46	5.11	7049
81506008	0.00	8190.00	0	0	0	0.00	0
81514583	14639.31	83065.74	1900	2	16.12	17.70	6390
81520298	7396.70	76818.25	960	2	15.60	48.83	6502
81521324	6780.31	94055.79	880	2	21.60	7.32	6785
81521353	12512.76	127174.29	1624	2	27.55	47.74	6442
81530769	31320.42	131122.50	4065	4	54.53	48.29	5979
81532458	0.00	8190.00	0	0	0	0.00	0
81537473	0.00	8190.00	0	0	0	0.00	0
81540674	0.00	8190.00	0	0	0	0.00	0
81543889	8937.68	104522.03	1160	2	23.71	18.37	6579
81544992	13329.48	38805.83	1730	4	76.15	30.33	4746
81547016	76509.66	149813.16	9930	4	63.04	44.88	5199
81556798	48795.13	165549.13	6333	4	11194.54	20.21	5930
81562085	9777.52	55547.97	1269	4	21.63	70.29	5941
81569600	15795.04	83521.43	2050	4	33.80	82.21	6001
81571648	0.00	8190.00	0	0	0	0.00	0
81574889	43224.49	143853.83	5610	4	62.92	66.94	5502
81582775	30634.68	172880.04	3976	6	108.79	148.39	5495
81585806	63449.85	177497.13	8235	6	112.72	96.95	5038
81587100	66146.57	160996.48	8585	6	111.05	30.03	5311
81590450	0.00	8190.00	0	0	0	0.00	0
81595692	0.00	8190.00	0	0	0	0.00	0
81597018	0.00	8190.00	0	0	0	0.00	0
81601453	179046.47	119084.43	23238	21	327.80	292.88	21
81607227	156293.90	102906.31	20285	17	12132.34	227.54	701
81611212	185117.93	108178.15	24026	22	339.71	232.80	22
81619651	103785.00	167383.94	13470	9	173.89	130.25	3944
81620832	139967.21	98328.26	18166	18	15186.67	230.25	947
81628009	178923.19	103190.54	23222	18	5789.06	205.38	283
81630373	73851.47	123828.53	9585	6	89.15	65.73	4371
81638922	104917.62	95649.63	13617	20	236.76	216.58	1264
81640727	74583.43	91257.27	9680	16	21121.50	189.78	1410
81642632	165154.53	114530.01	21435	19	718.71	233.24	665
81644701	0.00	8190.00	0	0	0	0.00	0
81650890	68881.81	210651.67	8940	5	117.19	73.15	5457
81652500	0.00	8190.00	0	0	0	0.00	0
81653101	83937.18	100251.51	10894	19	198.20	267.46	1907
81659278	0.00	8190.00	0	0	0	0.00	0
81669277	101381.07	75833.22	13158	19	6271.36	222.53	512
81673172	67726.07	79477.13	8790	19	4867.89	278.84	439
81676227	52239.22	123103.04	6780	12	170.69	123.59	4234
81680771	215521.46	164905.81	27972	12	252.04	159.81	2383
81685770	51815.45	45370.32	6725	14	2817.14	164.79	318
81688644	170440.09	214141.25	22121	18	446.88	246.88	1983
81697643	159522.25	106151.32	20704	17	3603.46	178.07	1263
81700227	211861.64	140651.33	27497	22	381.92	287.32	110
81702003	0.00	8190.00	0	0	0	0.00	0
81706657	0.00	8190.00	0	0	0	0.00	0
81710580	10478.66	160539.47	1360	3	66.36	16.89	6476
81711305	0.00	8190.00	0	0	0	0.00	0
81716322	75777.69	146523.44	9835	4	22549.78	20.79	5025
81721823	243259.10	187004.53	31572	26	621.25	295.25	26


## -- Service Statistics -- ##
MMSI	ServiceID	TimeElapsed	TimeWaited	FuelReceived
86160073	BSV0000894	2661	2416	1050
63874929	BSV0000742	3813	3485	2130
68533453	BSV0000372	9020	8271	5490
78156205	BSV0000738	4508	4240	2160
70252662	BSV0000810	3325	2758	2320
69671664	BSV0000489	8100	7574	4690
58133046	BSV0000702	4958	4603	2370
60566057	BSV0000981	1528	1334	1010
85803587	BSV0000872	3048	2657	1320
61369255	BSV0000684	4881	4665	1310
80006096	BSV0000724	5387	5071	1830
58719484	BSV0000211	11135	10792	3920
80094568	BSV0000517	8051	7945	780
69037445	BSV0000874	2962	2731	1290
65969168	BSV0000649	6172	5975	980
68221693	BSV0000262	11732	11306	4920
66067067	BSV0000982	1786	1473	1810
70626005	BSV0000694	5851	5402	3190
60419757	BSV0000568	7621	6046	13640
67498811	BSV0001124	302	1	1420
87307242	BSV0000699	5919	5781	650
71848678	BSV0000985	1795	1080	4740
77260379	BSV0000233	11860	11435	3600
66416867	BSV0000604	6919	6755	1460
74125395	BSV0001131	184	21	610
62034644	BSV0001126	559	438	300
86405482	BSV0001056	1258	1076	900
57831933	BSV0000740	5231	5139	360
83314371	BSV0000259	11990	11845	1210
75528498	BSV0000992	2098	1865	1410
63481464	BSV0000583	8076	7837	1710
63939312	BSV0000691	6545	5667	5720
