## -- Bunker Barge Statistics -- ##
MMSI	GrossProfit	OperCost	FuelDelivered	DriftTime	DriftCost	Distance	TIdleTime
81287376	0.00	3276.00	0	0	0	0.00	0
81289745	0.00	3276.00	0	0	0	0.00	0
81297090	43956.45	61277.32	5705	4	74.44	56.28	1420
81298298	30126.16	85059.27	3910	4	81.89	102.12	1669
81306632	0.00	5130.39	0	0	623.11	7.17	84
81308415	5239.33	8513.30	680	2	17.06	16.66	146
81314359	22344.21	52622.13	2900	4	63.56	35.66	1828
81322936	16503.90	32252.03	2142	4	37.44	33.73	1732
81323607	5493.59	10646.26	713	2	2867.84	16.41	458
81327567	0.00	3276.00	0	0	0	0.00	0
81336520	59674.45	71890.66	7745	2	41.75	65.28	1326
81344194	82912.43	65714.74	10761	9	202.00	110.07	9
81347364	6703.26	83933.16	870	2	52.58	14.38	2455
81354716	14446.69	33507.66	1875	3	22.99	63.46	1880
81357025	22606.18	50054.74	2934	2	30.50	30.03	1987
81362184	0.00	12299.10	0	0	0	0.00	993
81368505	20163.72	67369.32	2617	3	8053.69	30.15	2033
81369174	7473.75	14181.83	970	2	4674.09	23.65	586
81375658	5393.43	84043.33	700	1	24.33	18.52	2632
81377126	12266.20	36756.83	1592	2	17.76	42.46	1983
81377761	416.06	73414.15	54	0	0	6.51	2753
81386346	0.00	3276.00	0	0	0	0.00	0
81393955	0.00	62306.44	0	0	0	2.00	2812
81395145	0.00	3276.00	0	0	0	0.00	0
81399088	0.00	39263.79	0	0	0	0.00	2870
81400913	0.00	3276.00	0	0	0	0.00	0
81403938	0.00	66397.79	0	0	0	0.00	2880
81411062	0.00	3276.00	0	0	0	0.00	0
81412938	0.00	68732.37	0	0	0	0.00	2880
81422633	0.00	90976.96	0	0	0	0.00	2880
81429014	6086.87	67166.12	790	2	1078.65	18.98	2393
81434229	5162.28	16771.38	670	2	2180.64	25.83	1674
81442836	0.00	49615.23	0	0	0	0.00	2880
81446553	11426.37	59521.03	1483	2	4394.20	15.55	2195
81450488	0.00	3276.00	0	0	0	0.00	0
81454337	0.00	72895.87	0	1	24.53	2.78	2755
81460469	0.00	3276.00	0	0	0	0.00	0
81465707	0.00	34858.92	0	0	0	0.00	2880
81466919	0.00	44593.68	0	0	0	0.00	2880
81476600	5701.63	54111.83	740	2	11149.80	53.03	1517
81485506	0.00	53843.91	0	0	0	0.00	2880
81489568	0.00	71859.82	0	0	0	0.00	2880
81495691	10324.57	16943.85	1340	1	9811.19	14.09	1097
81498924	0.00	65252.52	0	0	0	0.00	2880
81500068	0.00	74634.89	0	0	0	0.00	2880
81500085	0.00	3276.00	0	0	0	0.00	0
81500549	0.00	3276.00	0	0	0	0.00	0
81504162	0.00	27634.93	0	0	0	0.00	2880
81506008	0.00	3276.00	0	0	0	0.00	0
81514583	0.00	34858.92	0	0	0	0.00	2880
81520298	0.00	29969.51	0	0	0	0.00	2880
81521324	0.00	38250.67	0	0	0	0.00	2880
81521353	0.00	50099.77	0	0	0	0.00	2880
81530769	0.00	55165.37	0	0	0	0.00	2880
81532458	0.00	3276.00	0	0	0	0.00	0
81537473	0.00	3276.00	0	0	0	0.00	0
81540674	0.00	3276.00	0	0	0	0.00	0
81543889	0.00	42523.39	0	0	0	0.00	2880
81544992	7011.46	11534.68	910	2	67.80	17.11	1066
81547016	36444.18	56700.27	4730	2	32.24	12.74	1958
81556798	16873.73	68874.88	2190	2	11159.19	12.51	2372
81562085	4545.89	22638.24	590	2	10.95	36.84	2266
81569600	3159.01	36223.47	410	2	18.78	42.48	2459
81571648	0.00	3276.00	0	0	0	0.00	0
81574889	27968.79	52491.26	3630	2	28.94	30.65	1894
81582775	18306.84	63195.37	2376	2	33.05	51.62	2096
81585806	45651.53	60421.60	5925	2	18.23	49.31	1560
81587100	21419.62	68215.11	2780	2	41.54	13.93	2231
81590450	0.00	3276.00	0	0	0	0.00	0
81595692	0.00	3276.00	0	0	0	0.00	0
81597018	0.00	3276.00	0	0	0	0.00	0
81601453	72919.17	49202.26	9464	8	125.88	123.44	8
81607227	69112.95	30544.03	8970	5	9137.12	53.14	527
81611212	86610.78	32666.97	11241	7	97.09	72.88	7
81619651	28045.84	68756.06	3640	2	36.06	38.50	1970
81620832	35904.83	39182.21	4660	5	15028.10	57.95	934
81628009	61862.64	45939.89	8029	7	5610.70	88.61	272
81630373	31744.19	46113.42	4120	2	26.89	19.49	1743
81638922	46175.47	37984.71	5993	10	115.45	114.34	10
81640727	13945.87	27504.14	1810	4	6928.40	55.49	466
81642632	77025.89	43728.91	9997	8	547.91	96.00	30
81644701	0.00	3276.00	0	0	0	0.00	0
81650890	49465.46	67709.61	6420	2	38.18	13.00	1913
81652500	0.00	3276.00	0	0	0	0.00	0
81653101	50667.42	30879.76	6576	9	86.14	109.57	9
81659278	0.00	3276.00	0	0	0	0.00	0
81669277	51545.78	28872.58	6690	9	82.71	103.60	9
81673172	41190.40	44536.99	5346	11	564.47	169.59	52
81676227	15949.14	52297.96	2070	4	57.48	53.06	1846
81680771	55120.85	83853.83	7154	4	94.22	67.07	1551
81685770	29694.68	27667.96	3854	8	2774.73	106.48	312
81688644	29686.98	93815.18	3853	2	53.51	54.56	1967
81697643	78936.70	42022.85	10245	7	3465.44	81.39	193
81700227	70245.57	64565.69	9117	11	205.13	126.46	11
81702003	0.00	3276.00	0	0	0	0.00	0
81706657	0.00	3276.00	0	0	0	0.00	0
81710580	0.00	56623.95	0	1	23.51	5.44	2624
81711305	0.00	3276.00	0	0	0	0.00	0
81716322	31204.84	52198.15	4050	2	22518.02	9.61	1690
81721823	124418.73	59748.17	16148	8	185.74	92.59	8


## -- Service Statistics -- ##
MMSI	ServiceID	TimeElapsed	TimeWaited	FuelReceived
85605160	BSV0000313	5866	5268	6430
74012406	BSV0000292	6202	4982	7250
70600382	BSV0000700	357	1	910
86606091	BSV0000519	3642	3439	1200
57404454	BSV0000562	2848	2715	410
82428696	BSV0000697	1051	871	800
66382569	BSV0000551	3274	3020	590
73798773	BSV0000712	124	1	740
68979761	BSV0000265	6078	5885	1270
85129577	BSV0000515	3087	2830	1170
88518454	BSV0000709	419	1	4050
60367894	BSV0000678	1309	1092	1150
70609753	BSV0000748	160	8	590
77744875	BSV0000343	5959	5607	2630
82983940	BSV0000642	2074	1594	2560
69154239	BSV0000432	4689	3366	9100
80713230	BSV0000193	7974	6720	9560
83864167	BSV0000228	7140	6796	2780
56346625	BSV0000192	7797	7023	6920
64308470	BSV0000231	7493	6984	3630
79979552	BSV0000258	6387	6087	1590
61098434	BSV0000508	4133	3573	4070
66078974	BSV0000522	3620	3387	1470
69544582	BSV0000729	638	441	860
59231115	BSV0000370	5864	5727	1020
68304719	BSV0000168	8261	8132	1110
57745972	BSV0000395	4855	4624	1300
82017376	BSV0000182	8514	7579	7020
69163684	BSV0000216	7798	7382	3640
64792326	BSV0000782	365	1	1220
77081371	BSV0000166	8562	8141	2490
67739120	BSV0000821	220	27	680
83580499	BSV0000563	2950	2785	1040
85086071	BSV0000252	7401	6560	8440
82868494	BSV0000418	4619	3971	4120
73126960	BSV0000659	2106	1782	1650
73655296	BSV0000452	5073	4521	4240
85791596	BSV0000293	7132	6871	1610
73791535	BSV0000686	1564	1462	320
84507356	BSV0000575	3023	2571	2000
62099628	BSV0000385	6053	5745	2760
73958061	BSV0000303	7322	7187	870
75260297	BSV0000464	5202	5044	770
87165194	BSV0000710	1770	1581	1070
72449076	BSV0000656	2252	1850	2110
64268736	BSV0000340	6077	5847	1110
83519493	BSV0000775	284	1	1340
71967007	BSV0000549	3586	3329	970
69825283	BSV0000685	2356	1984	2820
60303633	BSV0000459	5174	4710	3180
