## -- Bunker Barge Statistics -- ##
MMSI	GrossProfit	OperCost	FuelDelivered	DriftTime	DriftCost	Distance	TIdleTime
81287376	5316.38	21517.99	690	2	5283.20	15.87	515
81289745	0.00	11466.00	0	0	0	0.00	0
81297090	14955.21	82457.90	1941	4	702.95	38.59	2349
81298298	93206.18	110105.18	12097	6	3689.26	108.56	2501
81306632	0.00	11466.00	0	0	0	0.00	0
81308415	0.00	11466.00	0	0	0	0.00	0
81314359	115103.50	128456.09	14939	16	14872.91	135.30	3128
81322936	21072.90	47220.35	2735	4	3708.58	43.63	2250
81323607	0.00	11466.00	0	0	0	0.00	0
81327567	0.00	11466.00	0	0	0	0.00	0
81336520	37214.67	135503.33	4830	4	21106.38	19.02	4237
81344194	210813.77	156124.27	27361	19	422.26	237.79	19
81347364	223442.10	130097.40	29000	11	10197.71	195.70	1257
81354716	14870.46	28868.18	1930	2	9118.57	21.84	1305
81357025	14677.83	33757.12	1905	2	22.51	19.80	1020
81362184	12096.69	19094.63	1570	2	12.79	30.91	346
81368505	0.00	19409.33	0	0	5768.03	5.85	451
81369174	0.00	11466.00	0	0	0	0.00	0
81375658	47616.28	85214.08	6180	4	5695.13	58.82	1960
81377126	0.00	11466.00	0	0	0	0.00	0
81377761	79607.03	109632.91	10332	6	18418.37	65.03	2990
81386346	0.00	11466.00	0	0	0	0.00	0
81393955	37376.47	73838.66	4851	4	62.95	46.00	2232
81395145	0.00	11466.00	0	0	0	0.00	0
81399088	64412.96	68552.04	8360	10	5085.19	106.46	2140
81400913	0.00	11466.00	0	0	0	0.00	0
81403938	138611.15	136166.71	17990	16	4061.18	149.95	2353
81411062	0.00	11466.00	0	0	0	0.00	0
81412938	156702.26	165033.23	20338	16	17271.14	181.42	2925
81422633	84699.97	225420.78	10993	12	23847.34	178.18	3597
81429014	0.00	18288.34	0	0	5258.68	3.37	463
81434229	0.00	11466.00	0	0	0	0.00	0
81442836	56053.15	46750.08	7275	6	8022.75	43.81	1112
81446553	0.00	11466.00	0	0	0	0.00	0
81450488	25657.32	17701.73	3330	2	25.08	16.95	2
81454337	9168.83	31970.23	1190	1	12733.86	32.31	1111
81460469	0.00	11466.00	0	0	0	0.00	0
81465707	31744.19	38477.04	4120	4	3694.00	58.68	1313
81466919	59759.20	73372.89	7756	6	3864.15	130.07	2164
81476600	0.00	11466.00	0	0	0	0.00	0
81485506	15563.90	64477.20	2020	4	115.45	30.83	2348
81489568	158928.97	138165.68	20627	9	32728.54	169.04	2713
81495691	0.00	11466.00	0	0	0	0.00	0
81498924	38216.30	67111.24	4960	4	11586.29	59.29	1894
81500068	162111.10	196550.45	21040	16	18087.76	268.89	2669
81500085	0.00	11466.00	0	0	0	0.00	0
81500549	9322.93	21880.78	1210	4	2150.60	30.90	1172
81504162	29810.26	50395.09	3869	10	291.36	156.73	1428
81506008	0.00	11466.00	0	0	0	0.00	0
81514583	69074.43	74301.74	8965	13	10829.20	144.59	2463
81520298	52508.89	103702.61	6815	18	6816.42	403.59	2386
81521324	28538.95	76331.55	3704	10	4442.77	141.03	2587
81521353	114479.40	149046.95	14858	18	240.32	376.27	1641
81530769	68065.09	135069.68	8834	12	11391.37	207.50	3246
81532458	0.00	11466.00	0	0	0	0.00	0
81537473	0.00	11466.00	0	0	0	0.00	0
81540674	14639.31	16649.78	1900	2	22.78	23.64	2
81543889	89407.66	114257.55	11604	16	182.55	306.22	2035
81544992	0.00	17585.20	0	1	5.43	20.37	738
81547016	123494.14	200921.44	16028	14	16065.91	241.11	3547
81556798	182922.03	198292.53	23741	16	681.38	274.54	2799
81562085	12713.09	39974.94	1650	4	5773.32	58.86	3113
81569600	3944.91	27035.93	512	2	2707.65	19.25	1451
81571648	41876.13	37143.63	5435	6	4204.22	93.64	355
81574889	88205.70	119008.01	11448	6	19064.77	88.23	3781
81582775	113855.31	208436.98	14777	20	4795.32	400.42	2683
81585806	137547.87	223913.09	17852	13	7105.14	318.56	2887
81587100	147541.13	161062.70	19149	12	23331.04	198.17	2640
81590450	6549.17	19586.05	850	2	23.36	37.47	53
81595692	0.00	11466.00	0	0	0	0.00	0
81597018	0.00	11466.00	0	0	0	0.00	0
81601453	100186.81	76212.84	13003	8	16910.86	131.60	1227
81607227	14947.51	40228.65	1940	4	9617.72	57.03	1140
81611212	207978.37	124782.94	26993	21	11036.30	235.64	592
81619651	187999.56	182887.06	24400	21	12747.90	248.14	2133
81620832	21034.38	28510.33	2730	3	4726.09	38.80	445
81628009	111875.15	82089.59	14520	10	16593.76	122.22	802
81630373	160585.53	124779.00	20842	18	3714.02	238.36	980
81638922	119988.41	84711.39	15573	17	547.94	232.27	41
81640727	0.00	11466.00	0	0	0	0.00	0
81642632	44480.39	57395.21	5773	6	11772.50	87.10	935
81644701	0.00	11466.00	0	0	0	0.00	0
81650890	133502.80	174432.53	17327	14	12361.27	118.48	2941
81652500	0.00	11466.00	0	0	0	0.00	0
81653101	153435.38	100532.52	19914	25	1569.22	326.10	130
81659278	0.00	11466.00	0	0	0	0.00	0
81669277	99870.91	88540.52	12962	18	17610.24	210.59	1702
81673172	86140.78	93037.99	11180	22	14127.19	259.62	1487
81676227	112260.39	80075.55	14570	13	4950.55	179.04	818
81680771	319745.65	227465.51	41499	20	451.92	378.26	556
81685770	28092.07	48856.02	3646	6	17681.37	86.18	2183
81688644	267005.60	188938.31	34654	17	369.04	217.58	1958
81697643	144875.23	108367.48	18803	19	18601.16	185.00	1471
81700227	224358.98	149654.16	29119	29	8177.86	295.08	471
81702003	0.00	11466.00	0	0	0	0.00	0
81706657	0.00	11466.00	0	0	0	0.00	0
81710580	183800.39	166280.88	23855	24	10172.29	184.80	2104
81711305	0.00	11466.00	0	0	0	0.00	0
81716322	57725.11	61458.43	7492	6	17898.58	34.14	1058
81721823	297324.39	160697.44	38589	20	1257.12	266.47	50


## -- Service Statistics -- ##
MMSI	ServiceID	TimeElapsed	TimeWaited	FuelReceived
88238103	BSV0000156	4607	4124	4150
86221459	BSV0000337	2348	2257	570
63071279	BSV0000456	1051	737	1510
86917283	BSV0000316	3044	2460	3730
60637131	BSV0000186	4159	3988	990
82231132	BSV0000160	4840	4399	3900
58386999	BSV0000374	2404	1871	5230
69341101	BSV0000140	4814	4522	1500
83222661	BSV0000428	759	608	580
76815165	BSV0000405	1121	645	2980
68263517	BSV0000438	750	462	1340
88511051	BSV0000273	3096	2035	6300
62115884	BSV0000243	3438	2458	12240
74746558	BSV0000134	4946	4461	5220
56417172	BSV0000336	2939	2436	2200
82312454	BSV0000524	892	690	640
74892009	BSV0000391	1824	1534	1920
62520917	BSV0000334	3200	3030	520
57899848	BSV0000352	2581	2202	1850
89001644	BSV0000110	5181	5069	680
60124362	BSV0000308	3257	3049	590
57475049	BSV0000421	1435	1214	970
64067553	BSV0000171	4771	4411	3990
74066658	BSV0000223	3940	3752	1200
58962399	BSV0000280	4067	3732	2270
68078538	BSV0000576	490	52	1570
73691452	BSV0000107	5814	5641	780
78975501	BSV0000584	253	1	1620
88821576	BSV0000127	6090	5440	5300
76378982	BSV0000486	1130	680	2560
83593223	BSV0000283	4323	3324	7860
65427198	BSV0000417	2641	2198	2350
64035767	BSV0000246	4601	3791	6390
70705668	BSV0000387	3017	2038	6760
65681214	BSV0000289	4151	4047	540
72800495	BSV0000446	2052	1672	2630
79949466	BSV0000559	186	1	1190
84184718	BSV0000239	4580	4314	1700
78111581	BSV0000609	530	343	1110
