## -- Bunker Barge Statistics -- ##
MMSI	GrossProfit	OperCost	FuelDelivered	DriftTime	DriftCost	Distance	TIdleTime
81287376	12173.74	94601.02	1580	4	36.22	17.68	5402
81289745	0.00	32760.00	0	0	0	0.00	0
81297090	172127.47	657863.94	22340	17	322.20	187.07	23117
81298298	236270.76	694843.32	30665	20	375.44	357.37	21703
81306632	55822.00	231308.63	7245	16	5351.47	314.94	20753
81308415	58249.04	374716.46	7560	16	173.74	248.66	22040
81314359	141292.46	518961.66	18338	18	263.26	154.45	23121
81322936	60306.25	342103.65	7827	17	163.00	142.57	24300
81323607	5493.59	77697.37	713	2	2867.84	16.41	3253
81327567	0.00	32760.00	0	0	0	0.00	0
81336520	227086.52	732942.80	29473	15	321.19	177.34	21887
81344194	674741.21	611127.64	87573	60	5082.42	689.37	6861
81347364	164599.78	825812.24	21363	14	321.36	281.43	23634
81354716	85963.57	290882.41	11157	19	146.32	323.45	22913
81357025	146138.84	484247.83	18967	18	244.02	191.87	22503
81362184	55822.00	255259.29	7245	14	2783.27	134.02	21972
81368505	95448.30	824580.99	12388	20	8490.73	175.00	24706
81369174	91303.06	523786.84	11850	16	4885.12	376.86	21720
81375658	172312.38	782044.53	22364	14	302.24	243.89	23893
81377126	95078.47	375146.46	12340	16	155.41	172.07	23540
81377761	146624.25	680623.78	19030	14	274.11	164.91	23767
81386346	13945.87	103900.05	1810	6	24.56	69.18	12428
81393955	66570.34	618324.85	8640	13	238.02	130.43	25700
81395145	0.00	32760.00	0	0	0	0.00	0
81399088	88144.06	370871.48	11440	14	139.95	155.72	23575
81400913	57478.55	513027.35	7460	11	175.45	130.49	22355
81403938	147163.59	624137.94	19100	14	248.42	142.96	23817
81411062	0.00	32760.00	0	0	0	0.00	0
81412938	110757.94	675712.41	14375	14	274.22	161.49	24708
81422633	332435.62	825160.95	43146	17	385.70	290.08	20865
81429014	184070.06	705063.61	23890	15	1330.30	195.15	23355
81434229	38979.09	206473.71	5059	15	2247.54	193.57	23615
81442836	79360.47	474493.70	10300	12	161.57	114.47	24676
81446553	129973.96	721723.65	16869	18	4748.09	132.54	24166
81450488	295421.28	333805.78	38342	36	23041.82	395.12	8218
81454337	35103.52	784369.25	4556	14	329.52	241.22	26006
81460469	3428.68	39421.69	445	2	12.33	16.40	446
81465707	97189.61	322568.37	12614	13	103.98	199.41	22303
81466919	84877.18	446213.65	11016	14	167.15	254.65	23979
81476600	185649.57	626947.40	24095	15	11364.87	321.33	21835
81485506	103569.27	500972.94	13442	14	204.70	116.43	23725
81489568	132085.10	729539.52	17143	12	233.33	279.84	24386
81495691	71925.24	388745.34	9335	14	9967.29	172.31	23275
81498924	94354.21	649544.91	12246	13	242.30	174.04	25016
81500068	96234.20	728737.42	12490	12	259.12	133.91	25055
81500085	0.00	32760.00	0	0	0	0.00	0
81500549	0.00	32760.00	0	0	0	0.00	0
81504162	31513.04	275140.30	4090	10	75.46	95.19	25970
81506008	0.00	32760.00	0	0	0	0.00	0
81514583	63488.38	336981.35	8240	13	117.36	114.53	24711
81520298	47539.23	309289.36	6170	12	93.88	282.67	24414
81521324	71254.92	379457.70	9248	12	118.52	188.92	24652
81521353	100025.01	487464.15	12982	12	156.62	229.30	23645
81530769	88999.30	539666.12	11551	11	157.76	151.73	25034
81532458	0.00	32760.00	0	0	0	0.00	0
81537473	0.00	32760.00	0	0	0	0.00	0
81540674	20186.84	159195.93	2620	6	16830.33	27.19	6355
81543889	61677.72	420916.75	8005	13	152.67	179.33	24600
81544992	34063.36	181428.20	4421	14	122.22	140.60	23660
81547016	209711.97	655933.41	27218	15	256.30	216.07	22529
81556798	232318.14	688789.53	30152	18	11457.86	267.09	22262
81562085	40674.17	214096.99	5279	16	83.91	190.00	24011
81569600	71617.05	326172.55	9295	16	131.86	297.51	23654
81571648	0.00	32760.00	0	0	0	0.00	0
81574889	111882.85	606418.31	14521	15	255.89	255.66	23649
81582775	191790.37	617228.42	24892	19	306.87	487.44	21177
81585806	262690.86	718329.45	34094	22	439.85	367.63	20098
81587100	201629.53	705249.25	26169	20	402.96	209.86	22448
81590450	0.00	32760.00	0	0	0	0.00	0
81595692	0.00	32760.00	0	0	0	0.00	0
81597018	0.00	32760.00	0	0	0	0.00	0
81601453	523062.55	517568.77	67887	61	955.18	850.53	8030
81607227	600666.30	423297.99	77959	72	12896.55	994.80	2762
81611212	517807.80	475364.07	67205	60	918.68	657.04	8755
81619651	312356.65	668092.26	40540	26	489.58	398.59	19092
81620832	571480.14	416236.89	74171	72	15882.44	872.59	5323
81628009	596043.36	456573.48	77359	62	6536.67	758.17	4294
81630373	185125.63	542083.22	24027	19	287.89	216.38	21230
81638922	334677.74	394684.63	43437	60	724.29	698.02	10112
81640727	320885.97	418819.01	41647	57	21635.76	686.32	10534
81642632	358023.59	525173.13	46467	43	1102.45	566.86	14215
81644701	0.00	32760.00	0	0	0	0.00	0
81650890	187845.46	829027.38	24380	15	353.77	154.75	24050
81652500	0.00	32760.00	0	0	0	0.00	0
81653101	191605.45	392391.17	24868	37	8648.32	546.28	17603
81659278	0.00	32760.00	0	0	0	0.00	0
81669277	358339.49	336474.96	46508	61	29969.21	808.62	7447
81673172	395816.12	313137.04	51372	89	14322.96	1061.73	1300
81676227	206429.68	470217.62	26792	34	460.43	378.01	18739
81680771	368964.55	806300.20	47887	32	728.12	408.86	18985
81685770	250763.68	213596.65	32546	57	19519.54	682.47	3988
81688644	545730.36	795904.15	70829	49	1166.51	601.19	13844
81697643	435172.75	466410.54	56480	47	4035.92	549.23	12270
81700227	600928.27	561722.11	77993	56	947.68	737.06	9654
81702003	0.00	32760.00	0	0	0	0.00	0
81706657	0.00	32760.00	0	0	0	0.00	0
81710580	89453.89	670166.54	11610	13	270.09	89.27	25211
81711305	0.00	32760.00	0	0	0	0.00	0
81716322	205142.96	665908.61	26625	14	22745.74	96.58	23167
81721823	933071.09	663899.13	121101	73	1650.31	881.17	4675


## -- Service Statistics -- ##
MMSI	ServiceID	TimeElapsed	TimeWaited	FuelReceived
66770450	BSV0000934	23354	23165	1160
87852164	BSV0002094	7417	7113	1470
70205941	BSV0002246	5358	5197	620
84901426	BSV0001272	19006	18846	780
68270566	BSV0000556	28397	28084	1280
67414272	BSV0002080	7857	7515	2330
71919337	BSV0000866	24213	23700	4190
61623538	BSV0000603	27977	27401	3350
76538184	BSV0001296	19291	19137	900
72642677	BSV0000590	28783	28347	3430
71277567	BSV0001857	11299	11096	590
59528618	BSV0000951	23658	23475	1320
77412911	BSV0002045	9054	8939	630
72095423	BSV0000411	30751	29698	6560
83885460	BSV0002134	7432	7248	1020
77183767	BSV0002556	1544	1141	1050
74682680	BSV0001157	21457	21124	3400
79652543	BSV0001067	22400	21896	4790
82138428	BSV0000557	28926	28568	1520
88223300	BSV0002445	3960	3753	1090
75349665	BSV0000623	28512	27976	2840
85713072	BSV0001019	23091	22984	600
64203243	BSV0001933	10092	9797	1370
77294464	BSV0002046	9393	9248	580
57422487	BSV0000835	25868	25526	2770
88016896	BSV0001257	19501	18784	4640
69335612	BSV0001626	14586	14309	1260
57044824	BSV0001103	22164	21801	3050
72539011	BSV0000483	30765	30490	2420
69209437	BSV0002609	1226	1025	1000
67660205	BSV0000474	31012	30205	6690
66876167	BSV0001642	15353	15160	680
84927982	BSV0001426	17931	17260	2740
76580774	BSV0001109	22306	21948	3650
