## -- Bunker Barge Statistics -- ##
MMSI	GrossProfit	OperCost	FuelDelivered	DriftTime	DriftCost	Distance	TIdleTime
81287376	12173.74	92963.02	1580	4	36.22	17.68	5402
81289745	0.00	31122.00	0	0	0	0.00	0
81297090	172127.47	623145.37	22340	17	322.20	187.07	21677
81298298	236270.76	659419.97	30665	20	375.44	357.37	20263
81306632	55822.00	218988.82	7245	16	5351.47	314.94	19313
81308415	58249.04	354798.25	7560	16	173.74	248.66	20600
81314359	141292.46	491246.83	18338	18	263.26	154.45	21681
81322936	60306.25	324630.14	7827	17	163.00	142.57	22860
81323607	5493.59	76059.37	713	2	2867.84	16.41	3253
81327567	0.00	31122.00	0	0	0	0.00	0
81336520	227086.52	691815.14	29473	15	321.19	177.34	20447
81344194	630545.90	587169.45	81837	57	5024.33	649.39	6541
81347364	164599.78	787369.91	21363	13	293.74	279.09	22378
81354716	69282.46	277622.16	8992	16	126.16	260.61	22373
81357025	146138.84	460093.19	18967	17	226.94	189.20	21269
81362184	51276.11	240169.53	6655	12	2767.48	81.71	21174
81368505	82881.61	780352.77	10757	18	8440.20	148.72	23679
81369174	91303.06	495624.27	11850	15	4867.67	354.38	20531
81375658	172312.38	742282.38	22364	14	302.24	243.89	22453
81377126	93460.44	356284.57	12130	14	134.46	163.43	22384
81377761	146624.25	643807.39	19030	12	230.19	154.38	22507
81386346	13945.87	102262.05	1810	6	24.56	69.18	12428
81393955	66570.34	587394.47	8640	13	238.02	130.43	24260
81395145	0.00	31122.00	0	0	0	0.00	0
81399088	88144.06	351239.59	11440	14	139.95	155.72	22135
81400913	57478.55	482763.27	7460	10	156.29	125.77	20986
81403938	120735.78	599779.65	15670	12	215.07	124.09	23194
81411062	0.00	31122.00	0	0	0	0.00	0
81412938	94423.55	643459.98	12255	12	235.25	139.22	23865
81422633	276921.81	804375.39	35941	15	346.83	275.25	20561
81429014	147163.59	679140.35	19100	13	1295.37	171.27	22849
81434229	30888.94	197871.47	4009	13	2238.39	179.40	22924
81442836	57478.55	457753.69	7460	10	138.08	92.65	24203
81446553	115180.55	679173.93	14949	14	4652.59	93.70	23435
81450488	270056.75	302876.06	35050	32	22974.40	338.28	7882
81454337	35103.52	747348.31	4556	14	329.52	240.66	24626
81460469	3428.68	37783.69	445	2	12.33	16.40	446
81465707	80208.01	309255.82	10410	12	99.75	169.99	21770
81466919	74321.47	420394.46	9646	12	142.65	202.07	23230
81476600	162149.62	601428.80	21045	13	11330.12	310.02	21068
81485506	93861.09	476205.21	12182	12	173.44	99.29	22866
81489568	113439.24	690352.39	14723	10	193.10	234.81	23602
81495691	50351.52	372391.51	6535	14	9967.29	163.19	22435
81498924	94354.21	615517.75	12246	12	220.78	168.02	23723
81500068	82673.58	694500.63	10730	11	239.73	119.71	24098
81500085	0.00	31122.00	0	0	0	0.00	0
81500549	0.00	31122.00	0	0	0	0.00	0
81504162	22960.60	261553.51	2980	10	75.46	79.43	24949
81506008	0.00	31122.00	0	0	0	0.00	0
81514583	58249.04	319466.65	7560	12	108.47	100.20	23626
81520298	43686.78	292697.01	5670	12	93.88	261.38	23272
81521324	68527.38	357161.44	8894	12	118.52	164.85	23445
81521353	96927.64	462461.97	12580	12	156.62	224.22	22377
81530769	88999.30	509129.45	11551	11	157.76	138.89	23705
81532458	0.00	31122.00	0	0	0	0.00	0
81537473	0.00	31122.00	0	0	0	0.00	0
81540674	20186.84	132973.25	2620	6	16830.33	27.19	4961
81543889	61677.72	399655.05	8005	13	152.67	179.33	23160
81544992	34063.36	171971.56	4421	14	122.22	140.60	22220
81547016	209711.97	620664.23	27218	15	256.30	216.07	21089
81556798	232318.14	652573.30	30152	18	11457.86	267.09	20822
81562085	40674.17	203274.83	5279	16	83.91	190.00	22571
81569600	71617.05	310108.60	9295	16	131.86	297.51	22214
81571648	0.00	31122.00	0	0	0	0.00	0
81574889	111882.85	575950.44	14521	15	255.89	255.66	22209
81582775	162326.83	595991.91	21068	17	278.25	437.16	20520
81585806	262690.86	680131.03	34094	22	439.85	367.63	18658
81587100	201629.53	658777.18	26169	18	352.91	178.00	21242
81590450	0.00	31122.00	0	0	0	0.00	0
81595692	0.00	31122.00	0	0	0	0.00	0
81597018	0.00	31122.00	0	0	0	0.00	0
81601453	510118.31	484661.88	66207	57	882.86	811.34	7245
81607227	600666.30	386358.18	77959	70	12861.77	946.86	1653
81611212	480084.61	456363.72	62309	56	858.52	617.98	8751
81619651	312356.65	632470.68	40540	26	489.58	398.59	17652
81620832	551200.84	392195.20	71539	69	15843.18	825.08	4641
81628009	560292.62	444472.74	72719	60	6509.35	730.68	4292
81630373	185125.63	512011.78	24027	19	287.89	216.38	19790
81638922	310892.72	378105.67	40350	56	677.53	662.90	9865
81640727	296261.11	400292.74	38451	51	21561.94	642.87	10528
81642632	358023.59	495916.59	46467	43	1102.45	566.86	12775
81644701	0.00	31122.00	0	0	0	0.00	0
81650890	187845.46	785763.36	24380	15	353.77	154.75	22610
81652500	0.00	31122.00	0	0	0	0.00	0
81653101	191605.45	372715.23	24868	37	8648.32	546.28	16163
81659278	0.00	31122.00	0	0	0	0.00	0
81669277	358015.88	317669.81	46466	61	15750.29	804.22	6295
81673172	375652.40	292754.64	48755	83	14264.84	982.37	1294
81676227	206429.68	445608.23	26792	34	460.43	378.01	17299
81680771	368964.55	763983.23	47887	32	728.12	408.86	17545
81685770	235569.61	202442.96	30574	53	19494.93	639.47	3984
81688644	545730.36	753102.64	70829	49	1166.51	601.19	12404
81697643	435172.75	438761.78	56480	47	4035.92	549.23	10830
81700227	588985.67	537609.66	76443	54	920.30	724.90	8738
81702003	0.00	31122.00	0	0	0	0.00	0
81706657	0.00	31122.00	0	0	0	0.00	0
81710580	89453.89	634677.12	11610	13	270.09	89.27	23771
81711305	0.00	31122.00	0	0	0	0.00	0
81716322	205142.96	628657.23	26625	14	22745.74	96.58	21727
81721823	867795.18	633685.01	112629	68	1537.50	837.11	4670


## -- Service Statistics -- ##
MMSI	ServiceID	TimeElapsed	TimeWaited	FuelReceived
65477644	BSV0001533	14133	13571	3550
60900831	BSV0000613	26014	25499	1820
58224750	BSV0000445	28026	27880	770
71841765	BSV0001814	9633	9386	1590
61763517	BSV0001568	13052	12749	1260
75971972	BSV0002362	2775	2390	980
79085832	BSV0000398	28687	28548	980
85280868	BSV0001515	13774	13570	1170
81885154	BSV0000414	28918	28582	2180
74814058	BSV0000673	25084	24894	1740
65099104	BSV0000806	23888	23449	3840
84935377	BSV0001034	21119	20622	5280
76564840	BSV0001162	18857	18370	3050
71484316	BSV0000384	29171	27688	11600
87767407	BSV0001093	19857	19712	920
77832258	BSV0001412	15340	15091	1610
69559803	BSV0001203	18365	18092	1790
71182408	BSV0000847	23189	22826	3860
77899346	BSV0002230	4752	4393	1190
68919625	BSV0001113	20450	19871	2240
80960384	BSV0001194	18891	18398	3480
86459866	BSV0001092	19932	18931	8110
85477188	BSV0000922	22684	22257	3790
57854039	BSV0001851	9999	9830	930
59816405	BSV0000450	28736	28295	3580
86481435	BSV0000706	25839	25458	3670
61159670	BSV0001709	11991	11797	900
78911293	BSV0001951	8761	8562	670
75657268	BSV0001853	10003	9848	760
75694519	BSV0000817	24385	24271	510
75889233	BSV0000580	27851	27148	5990
80818974	BSV0000338	30755	29958	8360
70403275	BSV0001973	8223	8063	920
75567116	BSV0000397	29801	29224	4220
86960116	BSV0001024	21553	21255	2980
59048656	BSV0000722	25940	25755	1460
67431058	BSV0000454	28977	28519	4390
82181071	BSV0001452	15890	15375	3660
62299239	BSV0000396	30273	30107	1190
77476974	BSV0000898	23835	23387	2690
66835948	BSV0002157	6710	6560	660
74303408	BSV0001285	18947	18424	3310
88078547	BSV0001988	8412	8118	1670
