## -- Bunker Barge Statistics -- ##
MMSI	GrossProfit	OperCost	FuelDelivered	DriftTime	DriftCost	Distance	TIdleTime
81287376	12173.74	72513.86	1580	3	25.96	14.68	3840
81289745	0.00	27846.00	0	0	0	0.00	0
81297090	156178.32	559643.88	20270	13	242.18	169.29	19545
81298298	188608.25	605502.54	24479	16	305.02	330.93	18635
81306632	47362.02	191680.90	6147	12	5326.42	240.71	17448
81308415	45728.58	311173.69	5935	12	128.52	177.56	18703
81314359	93722.40	454158.24	12164	14	211.52	131.57	20368
81322936	48594.80	290507.69	6307	13	124.00	109.47	20862
81323607	5493.59	72783.37	713	2	2867.84	16.41	3253
81327567	0.00	27846.00	0	0	0	0.00	0
81336520	189062.84	629784.10	24538	12	254.79	168.23	18657
81344194	558404.92	511508.52	72474	48	4811.09	517.71	6532
81347364	117438.09	698639.02	15242	10	229.60	188.25	20748
81354716	59289.21	243733.69	7695	14	109.04	210.46	20194
81357025	110734.82	412604.42	14372	14	189.74	134.77	19730
81362184	33285.17	214955.98	4320	9	2748.24	62.46	19341
81368505	68242.30	689718.19	8857	14	8334.97	103.75	21550
81369174	48540.87	448015.31	6300	12	4832.30	278.76	19268
81375658	126822.65	671266.32	16460	11	240.88	192.06	20773
81377126	69421.15	321379.45	9010	12	114.69	139.05	20557
81377761	113416.13	577127.87	14720	10	192.35	111.13	20714
81386346	13945.87	98986.05	1810	6	24.56	69.18	12428
81393955	57401.51	525428.16	7450	10	180.63	111.90	21964
81395145	0.00	27846.00	0	0	0	0.00	0
81399088	59135.11	320697.88	7675	10	101.48	115.52	20883
81400913	27545.02	434846.95	3575	8	129.84	104.70	19179
81403938	101165.34	537141.91	13130	10	179.01	98.75	21030
81411062	0.00	27846.00	0	0	0	0.00	0
81412938	84330.13	573618.68	10945	10	193.80	116.70	21450
81422633	267290.69	711114.60	34691	12	259.30	254.12	18146
81429014	102051.40	620456.16	13245	11	1263.69	149.91	21005
81434229	28038.13	175182.38	3639	11	2227.17	145.33	20540
81442836	44611.37	412334.92	5790	8	111.01	78.48	21973
81446553	94531.42	608023.30	12269	12	4610.10	75.98	21183
81450488	218626.54	248602.12	28375	21	22808.80	216.39	7871
81454337	35103.52	674559.61	4556	12	280.46	235.35	21982
81460469	3428.68	34507.69	445	2	12.33	16.40	446
81465707	65784.44	277382.96	8538	10	83.55	128.99	19882
81466919	66770.66	374143.59	8666	10	116.96	171.29	20884
81476600	124164.46	543068.43	16115	11	11301.12	263.23	19269
81485506	86734.06	421779.95	11257	10	141.15	76.61	20476
81489568	109124.50	605808.17	14163	8	147.19	185.09	21160
81495691	44495.80	328530.47	5775	12	9943.15	130.33	20059
81498924	69798.69	556087.91	9059	10	187.49	140.84	21643
81500068	70653.93	617611.52	9170	9	194.95	86.86	21786
81500085	0.00	27846.00	0	0	0	0.00	0
81500549	0.00	27846.00	0	0	0	0.00	0
81504162	18568.81	233107.71	2410	8	60.29	54.86	22563
81506008	0.00	27846.00	0	0	0	0.00	0
81514583	42993.34	289983.94	5580	10	92.59	93.17	21542
81520298	29663.86	264360.26	3850	10	80.91	209.69	21420
81521324	56738.88	318674.78	7364	10	98.91	126.38	21256
81521353	93922.73	407621.87	12190	10	125.29	193.25	19887
81530769	67479.51	457937.50	8758	9	130.26	106.74	21640
81532458	0.00	27846.00	0	0	0	0.00	0
81537473	0.00	27846.00	0	0	0	0.00	0
81540674	5932.77	83993.56	770	2	14317.14	13.04	2805
81543889	61677.72	356214.38	8005	12	139.04	173.67	20415
81544992	34063.36	152603.02	4421	13	116.79	134.42	19484
81547016	171726.81	569518.92	22288	12	201.31	197.10	19502
81556798	229082.09	580687.13	29732	15	11387.10	252.27	18392
81562085	33123.37	183478.44	4299	14	74.15	177.36	20405
81569600	67687.55	278213.63	8785	13	103.36	285.84	19754
81571648	0.00	27846.00	0	0	0	0.00	0
81574889	106982.54	510559.42	13885	11	186.03	202.75	20102
81582775	113015.47	538273.46	14668	13	217.19	322.84	19575
81585806	229174.55	598611.13	29744	18	351.60	284.35	17036
81587100	140036.56	599941.36	18175	12	240.29	115.48	20312
81590450	0.00	27846.00	0	0	0	0.00	0
81595692	0.00	27846.00	0	0	0	0.00	0
81597018	0.00	27846.00	0	0	0	0.00	0
81601453	438408.81	433658.05	56900	49	756.43	693.21	7237
81607227	521228.78	362664.00	67649	64	12803.19	884.62	1647
81611212	406179.21	409394.49	52717	47	722.52	506.93	8742
81619651	282769.83	569175.42	36700	24	454.13	371.88	15620
81620832	500410.14	344656.57	64947	57	15682.25	709.52	4629
81628009	492936.39	390813.11	63977	51	6352.71	620.44	4283
81630373	150415.06	467057.33	19522	14	216.72	161.96	18624
81638922	253861.05	348805.21	32948	48	584.90	579.74	9857
81640727	223742.59	368909.98	29039	43	21469.34	557.96	10520
81642632	349008.86	438053.66	45297	41	1067.67	550.23	10368
81644701	0.00	27846.00	0	0	0	0.00	0
81650890	180294.66	700210.09	23400	12	270.04	136.82	20271
81652500	0.00	27846.00	0	0	0	0.00	0
81653101	191605.45	333331.47	24868	37	8648.32	545.73	13345
81659278	0.00	27846.00	0	0	0	0.00	0
81669277	331241.36	281984.57	42991	56	15699.21	726.28	5276
81673172	330794.47	262828.28	42933	72	14170.37	880.13	1283
81676227	162111.10	402444.25	21040	25	334.45	283.04	16955
81680771	346697.39	677311.82	44997	27	595.72	361.42	15734
81685770	213271.63	175142.79	27680	51	19480.71	586.87	2514
81688644	510796.35	684496.44	66295	45	1084.61	579.56	10640
81697643	408359.70	392902.38	53000	45	4010.44	534.54	8840
81700227	502690.79	478558.45	65243	46	774.85	605.42	8636
81702003	0.00	27846.00	0	0	0	0.00	0
81706657	0.00	27846.00	0	0	0	0.00	0
81710580	84368.66	563321.51	10950	10	201.58	77.75	21236
81711305	0.00	27846.00	0	0	0	0.00	0
81716322	161849.13	571270.72	21006	10	22672.11	68.88	20113
81721823	753623.97	577410.29	97811	60	1364.84	744.29	4662


## -- Service Statistics -- ##
MMSI	ServiceID	TimeElapsed	TimeWaited	FuelReceived
86576006	BSV0001660	9585	9346	560
60084036	BSV0001071	17475	16978	2170
65739438	BSV0000768	21451	20359	9320
71069429	BSV0001696	8101	7896	730
82641465	BSV0001736	8460	7595	5410
79903504	BSV0000361	26994	26740	1550
84790253	BSV0002073	3729	3267	3320
86349077	BSV0000427	25733	24764	5720
77327476	BSV0001383	12713	12567	730
57715137	BSV0001322	14573	14406	870
69242698	BSV0000288	28360	27537	6900
78025781	BSV0000319	28263	27728	4850
61154971	BSV0001128	17055	15956	7720
85567767	BSV0001836	7698	7537	870
81402146	BSV0002068	4127	3263	3700
76703489	BSV0001481	12279	12107	850
63577442	BSV0001308	14854	14661	1280
86516810	BSV0001681	10150	9833	1920
68757714	BSV0000698	23040	22443	5440
67362293	BSV0001894	7082	6671	2150
72932603	BSV0000979	19308	18958	3630
59616402	BSV0001144	17061	16840	1010
63394655	BSV0001158	17390	17157	520
76973836	BSV0001129	17840	17435	1720
80703448	BSV0001117	18098	17950	650
70420983	BSV0001835	7762	7485	630
80374763	BSV0001862	7125	6402	2760
68375917	BSV0000796	21414	20688	6040
59738569	BSV0001500	12085	11936	730
65252203	BSV0001856	7657	7414	920
74976956	BSV0000393	27202	27014	1110
71942842	BSV0000791	22145	21685	4370
65384404	BSV0000643	23972	23551	4750
76495165	BSV0002181	3773	3585	710
88073785	BSV0000443	27180	25587	11770
57305445	BSV0000858	21770	20987	5940
69395471	BSV0000453	27191	26707	2520
