## -- Bunker Barge Statistics -- ##
MMSI	GrossProfit	OperCost	FuelDelivered	DriftTime	DriftCost	Distance	TIdleTime
81287376	5316.38	18241.99	690	2	5283.20	15.87	515
81289745	0.00	8190.00	0	0	0	0.00	0
81297090	10178.17	11896.21	1321	1	635.93	12.64	59
81298298	52909.55	53556.93	6867	4	3658.33	94.30	564
81306632	0.00	8190.00	0	0	0	0.00	0
81308415	0.00	8190.00	0	0	0	0.00	0
81314359	99308.46	78645.56	12889	13	14824.86	116.74	1035
81322936	10286.04	13786.66	1335	0	3672.96	2.89	334
81323607	0.00	8190.00	0	0	0	0.00	0
81327567	0.00	8190.00	0	0	0	0.00	0
81336520	37214.67	53248.95	4830	4	21106.38	18.73	1421
81344194	145453.10	75592.82	18878	8	160.46	114.67	8
81347364	152780.46	75153.64	19829	6	10116.06	115.23	407
81354716	0.00	8190.00	0	0	0	0.00	0
81357025	0.00	8190.00	0	0	0	0.00	0
81362184	0.00	8190.00	0	0	0	0.00	0
81368505	0.00	8190.00	0	0	0	0.00	0
81369174	0.00	8190.00	0	0	0	0.00	0
81375658	8876.04	16945.04	1152	0	5617.59	5.71	330
81377126	0.00	8190.00	0	0	0	0.00	0
81377761	51561.19	48876.32	6692	3	18358.29	36.05	1167
81386346	0.00	8190.00	0	0	0	0.00	0
81393955	27013.38	12828.19	3506	1	6.04	20.19	1
81395145	0.00	8190.00	0	0	0	0.00	0
81399088	47462.18	36678.96	6160	7	5054.44	80.34	454
81400913	0.00	8190.00	0	0	0	0.00	0
81403938	99393.21	83986.10	12900	14	4032.92	122.78	609
81411062	0.00	8190.00	0	0	0	0.00	0
81412938	131445.59	101968.39	17060	14	17235.71	155.03	813
81422633	80308.17	127016.23	10423	9	23757.72	146.75	1174
81429014	0.00	8190.00	0	0	0	0.00	0
81434229	0.00	8190.00	0	0	0	0.00	0
81442836	5039.00	18411.97	654	0	7948.47	2.39	494
81446553	0.00	8190.00	0	0	0	0.00	0
81450488	25657.32	14425.73	3330	2	25.08	16.95	2
81454337	0.00	8190.00	0	0	0	0.00	0
81460469	0.00	8190.00	0	0	0	0.00	0
81465707	2712.12	14160.52	352	0	3662.74	6.08	334
81466919	38678.60	31708.83	5020	4	3843.83	77.48	328
81476600	0.00	8190.00	0	0	0	0.00	0
81485506	11095.06	11910.90	1440	1	64.55	15.03	6
81489568	102529.10	82192.01	13307	5	32662.75	99.98	1379
81495691	0.00	8190.00	0	0	0	0.00	0
81498924	0.00	17003.93	0	0	6256.12	7.07	449
81500068	121275.13	133990.05	15740	13	18029.64	212.86	1128
81500085	0.00	8190.00	0	0	0	0.00	0
81500549	4931.14	13090.01	640	2	2142.16	20.01	491
81504162	15710.29	29432.15	2039	6	43.22	134.83	6
81506008	0.00	8190.00	0	0	0	0.00	0
81514583	47462.18	43862.81	6160	8	10782.95	102.62	1018
81520298	41644.98	65867.29	5405	12	6767.14	278.63	961
81521324	16642.58	33950.31	2160	4	4377.14	68.50	867
81521353	88822.09	95018.42	11528	14	185.48	278.11	290
81530769	51730.70	77263.05	6714	8	11327.25	153.14	1248
81532458	0.00	8190.00	0	0	0	0.00	0
81537473	0.00	8190.00	0	0	0	0.00	0
81540674	14639.31	13373.78	1900	2	22.78	23.64	2
81543889	81779.81	75323.74	10614	11	117.44	280.89	84
81544992	0.00	8190.00	0	0	0	0.00	0
81547016	123494.14	130337.75	16028	14	16065.91	240.52	732
81556798	182922.03	126207.49	23741	15	657.36	271.60	74
81562085	7473.75	17758.99	970	1	5756.26	23.96	903
81569600	0.00	8190.00	0	0	0	0.00	0
81571648	41876.13	33867.63	5435	6	4204.22	93.64	355
81574889	88205.70	57363.58	11448	5	19044.75	84.61	994
81582775	113855.31	151712.19	14777	18	4755.00	384.31	314
81585806	137547.87	150801.03	17852	12	7079.75	314.00	322
81587100	115565.80	78448.52	14999	8	23243.65	121.39	995
81590450	6549.17	16310.05	850	2	23.36	37.47	53
81595692	0.00	8190.00	0	0	0	0.00	0
81597018	0.00	8190.00	0	0	0	0.00	0
81601453	13583.74	43962.15	1763	4	10392.78	69.66	889
81607227	0.00	8190.00	0	0	0	0.00	0
81611212	125420.36	88429.40	16278	14	10937.60	159.57	585
81619651	145699.66	127552.66	18910	17	12681.79	210.12	540
81620832	0.00	8190.00	0	0	0	0.00	0
81628009	37330.24	43766.03	4845	4	16498.83	47.23	796
81630373	109756.30	82268.77	14245	13	3635.47	184.43	192
81638922	71509.18	43129.62	9281	8	434.61	112.20	32
81640727	0.00	8190.00	0	0	0	0.00	0
81642632	0.00	10959.60	0	0	1156.65	5.36	92
81644701	0.00	8190.00	0	0	0	0.00	0
81650890	110272.53	91896.39	14312	10	12256.66	95.42	787
81652500	0.00	8190.00	0	0	0	0.00	0
81653101	94816.50	68014.51	12306	17	1487.77	212.83	122
81659278	0.00	8190.00	0	0	0	0.00	0
81669277	48286.61	56732.43	6267	12	12130.26	130.91	1257
81673172	66878.53	61849.41	8680	16	5237.28	183.44	689
81676227	58094.95	45450.73	7540	7	3321.55	104.40	210
81680771	223372.76	140061.50	28991	15	335.06	248.74	15
81685770	6872.77	20704.09	892	0	9616.63	5.51	1279
81688644	237804.03	95398.83	30864	12	243.46	150.70	32
81697643	80369.81	66064.69	10431	8	18446.02	96.50	1460
81700227	137062.47	93956.03	17789	19	8000.68	184.22	461
81702003	0.00	8190.00	0	0	0	0.00	0
81706657	0.00	8190.00	0	0	0	0.00	0
81710580	147579.65	98685.50	19154	18	10045.93	119.26	563
81711305	0.00	8190.00	0	0	0	0.00	0
81716322	57725.11	58182.43	7492	6	17898.58	34.14	1058
81721823	181296.30	106825.01	23530	13	273.63	190.23	13


## -- Service Statistics -- ##
MMSI	ServiceID	TimeElapsed	TimeWaited	FuelReceived
59988606	BSV0000306	141	1	480
79981311	BSV0000128	1893	1469	3560
86205212	BSV0000086	2724	2177	4440
69635114	BSV0000099	2829	2642	1480
63795008	BSV0000053	3290	2883	4670
85373235	BSV0000074	2773	1969	4670
77748915	BSV0000238	500	160	3350
80853731	BSV0000145	1844	1562	1080
73517962	BSV0000164	2340	2058	2120
87907395	BSV0000198	1493	1296	1100
60169076	BSV0000229	1054	813	730
58743875	BSV0000119	2333	2108	1400
67147666	BSV0000154	2611	2402	940
67784708	BSV0000219	1631	1133	8480
89044534	BSV0000124	2553	1998	6070
80318813	BSV0000116	3032	2538	5840
75798291	BSV0000130	2567	2460	540
76257954	BSV0000294	716	419	1230
80313684	BSV0000215	1516	1120	2010
57789334	BSV0000307	359	1	3370
58738607	BSV0000047	3199	2777	2490
78878419	BSV0000060	3655	3233	3260
86879530	BSV0000150	1998	1429	5520
77812880	BSV0000200	1416	1088	2360
70701564	BSV0000323	295	85	860
86807682	BSV0000230	1736	1605	650
82874018	BSV0000064	3398	3222	990
89081884	BSV0000050	3415	3204	890
64738913	BSV0000113	3385	3182	1210
85342810	BSV0000161	2379	1770	5080
86801980	BSV0000240	1882	1686	1070
75834973	BSV0000298	725	191	3330
74187241	BSV0000143	2309	2083	700
56987181	BSV0000210	2267	979	9430
85145565	BSV0000369	264	1	640
62567605	BSV0000267	1764	1653	430
73678463	BSV0000234	1460	1236	1010
60667828	BSV0000122	3654	3408	1150
58102826	BSV0000268	940	839	540
72515586	BSV0000129	2571	1540	8860
85180461	BSV0000100	3308	2958	2310
64285667	BSV0000085	3477	3303	1280
56486432	BSV0000141	3138	2607	4710
66097915	BSV0000357	636	471	1230
60358460	BSV0000315	386	1	1980
70988270	BSV0000170	2871	2624	1070
67214852	BSV0000263	2063	1839	1430
81190025	BSV0000312	568	196	1890
62124687	BSV0000155	2904	2725	1140
76685745	BSV0000227	1714	1309	2860
63491558	BSV0000162	3276	2774	5630
65057778	BSV0000342	379	1	970
72451300	BSV0000083	3316	2726	5360
82873531	BSV0000322	1080	538	2900
83873358	BSV0000203	1878	1736	720
61713859	BSV0000339	309	1	1440
60694252	BSV0000260	1800	1339	2030
69549979	BSV0000144	3601	3061	6390
65285974	BSV0000163	2896	2791	530
58468699	BSV0000177	3145	2100	8540
83454229	BSV0000132	3587	3384	1590
74682366	BSV0000158	3587	3382	1370
57174949	BSV0000266	2134	1738	2710
83005966	BSV0000172	2989	2132	6990
81759358	BSV0000080	4023	3626	3030
84509084	BSV0000355	142	1	1050
61065287	BSV0000274	2105	1763	2560
