## -- Bunker Barge Statistics -- ##
MMSI	GrossProfit	OperCost	FuelDelivered	DriftTime	DriftCost	Distance	TIdleTime
81287376	0.00	3276.00	0	0	0	0.00	0
81289745	0.00	3276.00	0	0	0	0.00	0
81297090	0.00	3276.00	0	0	0	0.00	0
81298298	0.00	3276.00	0	0	0	0.00	0
81306632	0.00	3276.00	0	0	0	0.00	0
81308415	0.00	3276.00	0	0	0	0.00	0
81314359	8937.68	15001.65	1160	2	3307.25	19.09	183
81322936	0.00	3276.00	0	0	0	0.00	0
81323607	0.00	3276.00	0	0	0	0.00	0
81327567	0.00	3276.00	0	0	0	0.00	0
81336520	0.00	3276.00	0	0	0	0.00	0
81344194	0.00	3276.00	0	0	0	0.00	0
81347364	0.00	3276.00	0	0	0	0.00	0
81354716	0.00	3276.00	0	0	0	0.00	0
81357025	0.00	3276.00	0	0	0	0.00	0
81362184	0.00	3276.00	0	0	0	0.00	0
81368505	0.00	3276.00	0	0	0	0.00	0
81369174	0.00	3276.00	0	0	0	0.00	0
81375658	0.00	3276.00	0	0	0	0.00	0
81377126	0.00	3276.00	0	0	0	0.00	0
81377761	0.00	3276.00	0	0	0	0.00	0
81386346	0.00	3276.00	0	0	0	0.00	0
81393955	0.00	3276.00	0	0	0	0.00	0
81395145	0.00	3276.00	0	0	0	0.00	0
81399088	0.00	3276.00	0	0	0	0.00	0
81400913	0.00	3276.00	0	0	0	0.00	0
81403938	0.00	9049.91	0	0	3745.06	5.33	265
81411062	0.00	3276.00	0	0	0	0.00	0
81412938	7936.05	25818.86	1030	2	10057.27	27.98	443
81422633	0.00	3276.00	0	0	0	0.00	0
81429014	0.00	3276.00	0	0	0	0.00	0
81434229	0.00	3276.00	0	0	0	0.00	0
81442836	0.00	3276.00	0	0	0	0.00	0
81446553	0.00	3276.00	0	0	0	0.00	0
81450488	0.00	3276.00	0	0	0	0.00	0
81454337	0.00	3276.00	0	0	0	0.00	0
81460469	0.00	3276.00	0	0	0	0.00	0
81465707	0.00	3276.00	0	0	0	0.00	0
81466919	0.00	3276.00	0	0	0	0.00	0
81476600	0.00	3276.00	0	0	0	0.00	0
81485506	0.00	3276.00	0	0	0	0.00	0
81489568	0.00	3276.00	0	0	0	0.00	0
81495691	0.00	3276.00	0	0	0	0.00	0
81498924	0.00	3276.00	0	0	0	0.00	0
81500068	9392.27	40552.63	1219	2	17802.63	37.31	876
81500085	0.00	3276.00	0	0	0	0.00	0
81500549	0.00	3276.00	0	0	0	0.00	0
81504162	0.00	3276.00	0	0	0	0.00	0
81506008	0.00	3276.00	0	0	0	0.00	0
81514583	0.00	3276.00	0	0	0	0.00	0
81520298	0.00	9635.67	0	0	4811.58	4.59	613
81521324	0.00	3276.00	0	0	0	0.00	0
81521353	24809.78	10688.00	3220	1	6.41	33.94	1
81530769	0.00	3276.00	0	0	0	0.00	0
81532458	0.00	3276.00	0	0	0	0.00	0
81537473	0.00	3276.00	0	0	0	0.00	0
81540674	0.00	3276.00	0	0	0	0.00	0
81543889	11788.50	10761.75	1530	2	22.57	29.87	2
81544992	0.00	3276.00	0	0	0	0.00	0
81547016	9245.88	22487.91	1200	0	15787.97	2.86	676
81556798	45374.16	26915.77	5889	2	407.85	61.22	21
81562085	0.00	3276.00	0	0	0	0.00	0
81569600	0.00	3276.00	0	0	0	0.00	0
81571648	0.00	3276.00	0	0	0	0.00	0
81574889	0.00	3276.00	0	0	0	0.00	0
81582775	15563.90	36340.95	2020	4	4518.87	92.66	225
81585806	22113.06	28641.98	2870	1	6855.08	40.88	270
81587100	6086.87	13827.30	790	2	34.31	39.61	2
81590450	0.00	3276.00	0	0	0	0.00	0
81595692	0.00	3276.00	0	0	0	0.00	0
81597018	0.00	3276.00	0	0	0	0.00	0
81601453	0.00	3276.00	0	0	0	0.00	0
81607227	0.00	3276.00	0	0	0	0.00	0
81611212	30881.24	18924.66	4008	0	10330.03	9.86	550
81619651	19801.59	28273.03	2570	2	10938.20	30.20	464
81620832	0.00	3276.00	0	0	0	0.00	0
81628009	0.00	3276.00	0	0	0	0.00	0
81630373	24270.44	7618.93	3150	1	6.66	15.38	1
81638922	0.00	3276.00	0	0	0	0.00	0
81640727	0.00	3276.00	0	0	0	0.00	0
81642632	0.00	3276.00	0	0	0	0.00	0
81644701	0.00	3276.00	0	0	0	0.00	0
81650890	0.00	3276.00	0	0	0	0.00	0
81652500	0.00	3276.00	0	0	0	0.00	0
81653101	16103.24	16209.35	2090	4	41.67	52.37	4
81659278	0.00	3276.00	0	0	0	0.00	0
81669277	0.00	6857.14	0	0	2314.98	5.12	276
81673172	0.00	8868.24	0	0	4226.99	4.09	559
81676227	0.00	3276.00	0	0	0	0.00	0
81680771	37291.72	37808.80	4840	3	75.85	61.48	3
81685770	0.00	3276.00	0	0	0	0.00	0
81688644	40774.33	20315.89	5292	2	36.54	30.44	2
81697643	0.00	5110.25	0	0	916.32	3.77	106
81700227	22590.77	17234.92	2932	1	7715.15	16.60	443
81702003	0.00	3276.00	0	0	0	0.00	0
81706657	0.00	3276.00	0	0	0	0.00	0
81710580	36120.57	28033.20	4688	6	122.51	37.67	6
81711305	0.00	3276.00	0	0	0	0.00	0
81716322	22282.57	8148.87	2892	2	31.77	5.09	2
81721823	5932.77	20329.82	770	2	38.06	36.27	2


## -- Service Statistics -- ##
MMSI	ServiceID	TimeElapsed	TimeWaited	FuelReceived
87071654	BSV0000004	258	40	1420
74668420	BSV0000005	207	41	880
60048999	BSV0000001	324	9	2570
88001125	BSV0000023	183	13	1030
61831475	BSV0000020	198	33	630
84427765	BSV0000002	356	1	3260
63872232	BSV0000022	198	56	790
82875382	BSV0000010	151	28	770
72198804	BSV0000015	391	120	2910
60023955	BSV0000003	708	294	3130
64147324	BSV0000009	254	53	1160
86754208	BSV0000011	157	1	850
70525429	BSV0000034	618	25	3220
57224753	BSV0000025	373	6	1530
80498226	BSV0000021	203	1	1140
57992078	BSV0000007	709	411	1460
60778142	BSV0000032	842	50	7990
80630754	BSV0000036	813	441	3030
85863427	BSV0000026	532	24	3150
