## -- Bunker Barge Statistics -- ##
MMSI	GrossProfit	OperCost	FuelDelivered	DriftTime	DriftCost	Distance	TIdleTime
81287376	0.00	6552.00	0	0	0	0.00	0
81289745	0.00	6552.00	0	0	0	0.00	0
81297090	58672.81	132020.97	7615	5	97.41	75.83	3869
81298298	37599.91	165753.44	4880	5	102.38	144.37	4183
81306632	13237.02	29888.98	1718	2	5270.44	51.53	1998
81308415	9399.98	50175.12	1220	2	17.06	35.15	2775
81314359	25426.17	109855.58	3300	4	63.56	47.35	4515
81322936	17043.24	68564.22	2212	4	37.44	44.25	4473
81323607	5493.59	51489.37	713	2	2867.84	16.41	3253
81327567	0.00	6552.00	0	0	0	0.00	0
81336520	68797.05	147485.80	8929	4	82.38	94.43	3632
81344194	155253.73	134470.59	20150	19	437.88	214.93	19
81347364	6703.26	166761.11	870	2	52.58	14.38	5335
81354716	14446.69	64431.46	1875	4	32.56	73.42	4576
81357025	23908.30	101419.90	3103	4	58.84	43.21	4559
81362184	9014.73	34090.37	1170	2	2696.32	15.19	2660
81368505	32730.42	147879.99	4248	6	8131.98	45.84	4360
81369174	11018.01	77558.43	1430	4	4707.58	76.63	3014
81375658	10324.57	179609.39	1340	5	128.28	76.86	4944
81377126	29817.96	71509.17	3870	6	54.07	90.20	3906
81377761	31836.65	130379.38	4132	2	34.84	17.09	4823
81386346	4468.84	17167.94	580	2	8.26	17.16	1658
81393955	20186.84	126952.04	2620	4	73.35	53.62	4781
81395145	0.00	6552.00	0	0	0	0.00	0
81399088	20417.98	75136.25	2650	4	41.88	46.77	4449
81400913	7512.28	46002.04	975	2	25.50	17.87	1807
81403938	40758.92	118719.47	5290	4	71.49	28.00	4413
81411062	0.00	6552.00	0	0	0	0.00	0
81412938	10863.91	144787.94	1410	4	86.60	46.18	4989
81422633	67286.89	176869.47	8733	4	95.09	101.16	3933
81429014	18877.00	163952.57	2450	6	1172.75	110.37	4403
81434229	7389.00	40183.93	959	5	2198.29	65.56	3968
81442836	8706.54	97376.83	1130	2	28.72	14.97	5183
81446553	41059.41	132112.37	5329	8	4529.96	54.71	3913
81450488	0.00	6552.00	0	0	0	0.00	0
81454337	13637.67	166553.30	1770	5	117.25	90.45	4736
81460469	3428.68	13213.69	445	2	12.33	16.40	446
81465707	6595.39	70284.31	856	2	19.31	30.92	5149
81466919	12558.99	86110.77	1630	2	23.71	17.45	5126
81476600	5701.63	119467.40	740	3	11171.84	58.00	4213
81485506	26435.51	94892.67	3431	2	24.62	13.79	4671
81489568	0.00	143684.96	0	0	0	0.15	5692
81495691	17490.12	57664.53	2270	4	9848.03	41.11	3299
81498924	14485.21	131905.20	1880	2	37.29	34.15	5183
81500068	0.00	150647.36	0	1	24.78	5.16	5614
81500085	0.00	6552.00	0	0	0	0.00	0
81500549	0.00	6552.00	0	0	0	0.00	0
81504162	0.00	55818.82	0	1	8.46	5.11	5609
81506008	0.00	6552.00	0	0	0	0.00	0
81514583	14639.31	65636.28	1900	2	16.12	17.70	4950
81520298	7396.70	61833.49	960	2	15.60	48.83	5062
81521324	6780.31	74930.45	880	2	21.60	7.32	5345
81521353	12512.76	102124.40	1624	2	27.55	47.74	5002
81530769	31320.42	103539.82	4065	4	54.53	48.29	4539
81532458	0.00	6552.00	0	0	0	0.00	0
81537473	0.00	6552.00	0	0	0	0.00	0
81540674	0.00	6552.00	0	0	0	0.00	0
81543889	8937.68	83260.34	1160	2	23.71	18.37	5139
81544992	13329.48	29349.19	1730	4	76.15	30.33	3306
81547016	76509.66	114543.98	9930	4	63.04	44.88	3759
81556798	48795.13	129332.90	6333	4	11194.54	20.21	4490
81562085	9777.52	44725.82	1269	4	21.63	70.29	4501
81569600	15795.04	67457.48	2050	4	33.80	82.21	4561
81571648	0.00	6552.00	0	0	0	0.00	0
81574889	43224.49	113385.95	5610	4	62.92	66.94	4062
81582775	30634.68	142213.95	3976	6	108.79	148.39	4055
81585806	63449.85	139298.71	8235	6	112.72	96.95	3598
81587100	66146.57	126812.19	8585	4	61.01	27.55	4144
81590450	0.00	6552.00	0	0	0	0.00	0
81595692	0.00	6552.00	0	0	0	0.00	0
81597018	0.00	6552.00	0	0	0	0.00	0
81601453	142509.83	96816.16	18496	17	264.86	246.65	17
81607227	126899.70	76242.59	16470	13	9253.30	168.28	535
81611212	167242.56	71112.89	21706	15	215.33	151.53	15
81619651	66185.09	138049.83	8590	4	80.73	73.48	3939
81620832	104216.48	77385.64	13526	14	15136.44	169.15	943
81628009	137393.78	82673.51	17832	14	5722.53	162.03	279
81630373	66300.66	96519.51	8605	3	32.91	36.08	3766
81638922	104917.62	73011.72	13617	18	211.03	205.94	18
81640727	53703.15	67819.72	6970	10	21039.40	125.99	1404
81642632	155215.21	84029.69	20145	15	652.46	189.66	37
81644701	0.00	6552.00	0	0	0	0.00	0
81650890	68881.81	167387.65	8940	5	117.19	73.15	4017
81652500	0.00	6552.00	0	0	0	0.00	0
81653101	83937.18	80575.57	10894	19	198.20	267.46	467
81659278	0.00	6552.00	0	0	0	0.00	0
81669277	96681.09	62597.30	12548	16	6199.17	181.12	506
81673172	54473.64	59181.90	7070	15	714.26	219.97	66
81676227	52239.22	98493.64	6780	12	170.69	123.59	2794
81680771	153866.85	140577.24	19970	9	179.28	119.85	2380
81685770	48879.89	40957.55	6344	12	2804.92	151.64	316
81688644	123209.06	176695.63	15991	13	322.70	194.90	1978
81697643	153281.28	81649.70	19894	15	3574.59	167.87	201
81700227	167173.22	123664.43	21697	18	326.28	250.25	106
81702003	0.00	6552.00	0	0	0	0.00	0
81706657	0.00	6552.00	0	0	0	0.00	0
81710580	10478.66	125050.05	1360	3	66.36	16.89	5036
81711305	0.00	6552.00	0	0	0	0.00	0
81716322	64428.37	118558.42	8362	2	22518.02	13.55	4082
81721823	204827.06	147231.27	26584	20	477.78	234.66	20


## -- Service Statistics -- ##
MMSI	ServiceID	TimeElapsed	TimeWaited	FuelReceived
56961308	BSV0000408	6818	6622	880
57511515	BSV0000647	4172	3961	1270
83151164	BSV0000466	6323	6071	1130
63038278	BSV0000351	8081	7531	4390
81723499	BSV0000628	4788	4683	520
61775078	BSV0000473	6426	6125	960
75859121	BSV0000521	6090	5842	1710
68292494	BSV0000368	8134	7604	6820
65745209	BSV0000324	8573	8271	1160
72708580	BSV0000953	311	1	1670
58881562	BSV0000773	3096	2763	820
61907516	BSV0000451	7342	7210	950
75851893	BSV0000635	4536	4289	1520
76942715	BSV0000631	4313	3132	7560
56551587	BSV0000949	187	1	730
80322296	BSV0000218	9787	9646	620
86869308	BSV0000525	6303	6090	1430
58319214	BSV0000247	10278	9964	1980
79544646	BSV0000297	9065	8478	5200
78976189	BSV0000146	10917	10776	830
64447095	BSV0000662	4130	3013	8150
73969196	BSV0000744	3135	2928	860
73979320	BSV0000868	2224	1866	1840
65823678	BSV0000619	5318	4782	2160
77413072	BSV0000514	6955	6741	1980
78312596	BSV0000971	797	206	3810
88289172	BSV0000925	1648	1378	1450
81994613	BSV0000255	10140	9657	4190
78144748	BSV0000226	10520	9976	3810
85192269	BSV0000222	10090	9909	980
61722585	BSV0000333	9476	9261	1360
62648963	BSV0000552	7035	5366	10620
86539455	BSV0000366	9273	9023	2520
59236730	BSV0000962	1425	1153	1460
69093174	BSV0000676	5320	4850	3410
80342091	BSV0000138	11589	11508	330
77108487	BSV0000401	8637	8482	970
61625942	BSV0000708	5101	4742	2130
84436891	BSV0000221	10567	10061	5920
75551508	BSV0000618	6232	6025	1230
