## -- Bunker Barge Statistics -- ##
MMSI	GrossProfit	OperCost	FuelDelivered	DriftTime	DriftCost	Distance	TIdleTime
81287376	0.00	21294.00	0	0	0	0.00	0
81289745	0.00	21294.00	0	0	0	0.00	0
81297090	107637.45	431942.28	13970	11	209.97	127.41	15076
81298298	172011.89	463389.14	22325	13	236.72	306.38	13543
81306632	36713.85	139709.67	4765	10	5314.55	169.04	12675
81308415	39140.89	228500.48	5080	10	105.15	140.78	13573
81314359	81379.15	343303.97	10562	12	178.39	108.58	15248
81322936	39503.02	222042.30	5127	11	105.28	91.75	15807
81323607	5493.59	66231.37	713	2	2867.84	16.41	3253
81327567	0.00	21294.00	0	0	0	0.00	0
81336520	154306.03	479399.28	20027	10	212.97	144.30	14001
81344194	414153.78	401406.85	53752	40	4656.68	409.40	4890
81347364	88929.96	531176.00	11542	8	185.67	131.36	15916
81354716	44418.75	184465.57	5765	10	78.11	177.11	15481
81357025	83004.89	318574.00	10773	12	166.58	121.46	14984
81362184	20957.33	161538.47	2720	7	2735.55	49.34	14417
81368505	55675.61	525687.77	7226	12	8284.44	92.36	16229
81369174	29972.06	341459.21	3890	10	4804.76	229.59	14382
81375658	85770.95	522097.59	11132	9	204.22	155.37	15987
81377126	59250.68	243570.38	7690	10	93.28	124.15	15366
81377761	100471.90	433977.73	13040	8	150.01	86.31	15489
81386346	13945.87	92434.05	1810	6	24.56	69.18	12428
81393955	45921.20	402369.78	5960	8	144.50	92.39	16696
81395145	0.00	21294.00	0	0	0	0.00	0
81399088	47115.46	244861.19	6115	8	81.26	92.42	15838
81400913	19763.07	309244.76	2565	6	94.60	49.23	13994
81403938	80285.06	409876.13	10420	8	143.46	78.29	15980
81411062	0.00	21294.00	0	0	0	0.00	0
81412938	62024.44	441040.54	8050	8	157.20	93.67	16394
81422633	213703.11	548450.38	27736	10	219.67	220.01	13570
81429014	63989.19	484322.44	8305	9	1229.22	132.04	16172
81434229	19947.99	133764.90	2589	9	2218.02	110.44	15600
81442836	35596.64	315248.80	4620	6	82.41	64.16	16744
81446553	48995.46	473823.78	6359	10	4577.49	62.86	16459
81450488	58364.62	181355.12	7575	6	17682.14	63.20	7576
81454337	28708.46	523181.03	3726	11	258.46	195.57	16535
81460469	3428.68	27955.69	445	2	12.33	16.40	446
81465707	56384.46	208446.38	7318	8	65.35	95.47	14884
81466919	57062.49	284202.40	7406	8	92.12	139.15	15730
81476600	97428.46	410396.61	12645	9	11267.66	211.61	14364
81485506	77634.57	316746.11	10076	8	109.64	63.73	15252
81489568	109124.50	462138.75	14163	8	147.19	184.92	15456
81495691	38640.07	244878.91	5015	10	9919.02	108.26	14767
81498924	53048.24	426334.62	6885	8	151.10	110.33	16516
81500068	63796.57	470420.25	8280	7	148.11	80.33	16376
81500085	0.00	21294.00	0	0	0	0.00	0
81500549	0.00	21294.00	0	0	0	0.00	0
81504162	8398.34	180465.07	1090	6	47.41	39.43	17555
81506008	0.00	21294.00	0	0	0	0.00	0
81514583	35519.59	220314.41	4610	8	73.63	68.82	16349
81520298	26581.90	199631.37	3450	8	63.60	156.81	16169
81521324	45258.58	244295.00	5874	8	79.18	107.85	16128
81521353	82827.67	305059.86	10750	8	97.18	147.78	14818
81530769	41567.94	357989.12	5395	7	104.52	101.87	16695
81532458	0.00	21294.00	0	0	0	0.00	0
81537473	0.00	21294.00	0	0	0	0.00	0
81540674	5932.77	60842.79	770	2	32.15	9.81	1977
81543889	31705.66	280182.31	4115	8	96.43	126.96	16329
81544992	30056.81	113965.61	3901	10	102.09	103.81	14396
81547016	118886.61	436287.53	15430	9	152.23	150.90	15019
81556798	186319.89	433282.51	24182	12	11332.04	186.05	13787
81562085	23954.53	141490.50	3109	10	52.28	149.91	15705
81569600	54974.46	208799.70	7135	10	78.35	201.42	15064
81571648	0.00	21294.00	0	0	0	0.00	0
81574889	74205.89	390061.80	9631	9	150.73	155.06	15412
81582775	81664.24	412351.60	10599	10	169.16	248.91	15022
81585806	188492.67	464486.62	24464	16	316.97	267.13	12402
81587100	81402.27	458624.50	10565	10	205.09	61.21	15976
81590450	0.00	21294.00	0	0	0	0.00	0
81595692	0.00	21294.00	0	0	0	0.00	0
81597018	0.00	21294.00	0	0	0	0.00	0
81601453	404853.97	322583.40	52545	45	702.87	640.18	2837
81607227	401787.42	271253.08	52147	47	12557.44	636.97	1630
81611212	380306.16	291790.18	49359	42	637.85	448.36	4276
81619651	240855.17	439689.82	31260	22	423.57	337.74	10943
81620832	347907.05	264831.13	45154	40	15458.43	501.39	4612
81628009	453887.95	281697.30	58909	47	6293.26	576.08	312
81630373	115704.48	353016.59	15017	12	191.01	119.25	13992
81638922	212809.34	261944.73	27620	40	485.76	487.32	6515
81640727	208194.10	272663.52	27021	40	21430.02	507.89	5756
81642632	320254.17	320218.53	41565	35	967.73	476.94	6112
81644701	0.00	21294.00	0	0	0	0.00	0
81650890	127516.10	543619.67	16550	11	262.09	120.65	15379
81652500	0.00	21294.00	0	0	0	0.00	0
81653101	183823.50	249762.07	23858	34	8613.83	491.59	8211
81659278	0.00	21294.00	0	0	0	0.00	0
81669277	310099.11	197120.20	40247	49	15627.77	607.79	1277
81673172	222602.27	202165.83	28891	53	13999.62	683.02	1264
81676227	135860.50	308228.80	17633	24	328.92	263.58	11880
81680771	310099.11	514159.67	40247	26	582.00	343.35	10599
81685770	152056.20	120170.66	19735	34	19358.81	352.04	2175
81688644	464019.90	525436.89	60224	45	1084.61	577.21	5446
81697643	339131.17	287132.16	44015	35	3857.29	410.09	6087
81700227	484021.82	349733.69	62820	45	761.08	584.26	3320
81702003	0.00	21294.00	0	0	0	0.00	0
81706657	0.00	21294.00	0	0	0	0.00	0
81710580	75816.22	422379.05	9840	9	181.47	65.09	15855
81711305	0.00	21294.00	0	0	0	0.00	0
81716322	141423.44	425725.81	18355	10	22672.11	61.60	14723
81721823	554406.08	428726.00	71955	42	949.19	485.56	4644


## -- Service Statistics -- ##
MMSI	ServiceID	TimeElapsed	TimeWaited	FuelReceived
65552284	BSV0001184	9276	9025	980
66677465	BSV0000615	17594	17321	2850
64264211	BSV0000973	12393	12022	1880
59308821	BSV0001181	9926	9715	770
70681235	BSV0000382	20700	20606	450
80775794	BSV0001741	2281	2059	970
59302689	BSV0000365	21057	20808	1730
64839096	BSV0000560	18643	18319	2390
59139533	BSV0000799	15323	14802	4650
83829054	BSV0000469	19691	19150	5340
84866992	BSV0000326	21378	20588	6500
87369711	BSV0001657	3810	3610	890
73759174	BSV0000753	15258	14994	2200
59076500	BSV0000574	18657	18454	720
88346420	BSV0000541	19130	18429	7060
58473335	BSV0001258	8707	8252	2840
72514178	BSV0001116	11092	10920	940
67533515	BSV0001527	5478	5108	1880
75951602	BSV0001045	11932	11705	640
76554569	BSV0000660	17018	16873	1020
67042494	BSV0001150	10999	10633	1500
80053705	BSV0001087	11564	11080	2980
86304819	BSV0000692	17177	17059	860
64583774	BSV0000532	19394	18477	7270
61641356	BSV0000687	17236	16874	2780
83731366	BSV0000980	13056	12536	3690
64790784	BSV0001539	4950	4745	990
76830874	BSV0001786	2521	2308	930
86280960	BSV0000747	16669	16146	5570
72827850	BSV0000581	18714	18234	6360
88284171	BSV0000530	19633	19025	3330
77378166	BSV0001621	4280	3943	1730
79493960	BSV0000461	20314	19258	10620
79162122	BSV0001463	7068	6850	1300
78509730	BSV0001493	5927	5676	1230
59716818	BSV0001349	8440	8161	1550
84881366	BSV0000836	15690	14664	7660
69678649	BSV0000731	16747	15847	9270
70005639	BSV0001868	1498	1004	1780
65526234	BSV0000545	19404	18950	4360
81398590	BSV0001039	12926	12642	1850
85221162	BSV0001892	1680	1512	590
88648669	BSV0001251	10116	10024	330
