## -- Bunker Barge Statistics -- ##
MMSI	GrossProfit	OperCost	FuelDelivered	DriftTime	DriftCost	Distance	TIdleTime
81287376	5316.38	19879.99	690	2	5283.20	15.87	515
81289745	0.00	9828.00	0	0	0	0.00	0
81297090	14955.21	47739.32	1941	4	702.95	38.59	909
81298298	82488.66	82687.45	10706	4	3658.33	99.69	1537
81306632	0.00	9828.00	0	0	0	0.00	0
81308415	0.00	9828.00	0	0	0	0.00	0
81314359	115103.50	102355.15	14939	15	14854.80	132.64	1857
81322936	21072.90	29697.25	2735	4	3708.58	43.18	813
81323607	0.00	9828.00	0	0	0	0.00	0
81327567	0.00	9828.00	0	0	0	0.00	0
81336520	37214.67	94375.68	4830	4	21106.38	19.02	2797
81344194	185826.78	103251.27	24118	12	245.39	155.81	12
81347364	187899.40	106728.95	24387	8	10151.41	165.94	775
81354716	0.00	17485.29	0	0	6060.64	3.35	633
81357025	14677.83	11578.71	1905	0	0	4.04	0
81362184	0.00	9828.00	0	0	0	0.00	0
81368505	0.00	9828.00	0	0	0	0.00	0
81369174	0.00	9828.00	0	0	0	0.00	0
81375658	42207.44	46871.97	5478	2	5651.63	39.86	865
81377126	0.00	9828.00	0	0	0	0.00	0
81377761	62032.15	82462.91	8051	4	18382.03	50.11	2146
81386346	0.00	9828.00	0	0	0	0.00	0
81393955	37376.47	42908.27	4851	4	62.95	46.00	792
81395145	0.00	9828.00	0	0	0	0.00	0
81399088	51199.06	54726.42	6645	8	5066.93	93.07	1408
81400913	0.00	9828.00	0	0	0	0.00	0
81403938	104108.61	119033.14	13512	14	4032.92	134.44	1842
81411062	0.00	9828.00	0	0	0	0.00	0
81412938	133834.11	138840.45	17370	14	17235.71	166.20	2087
81422633	81972.43	176924.10	10639	10	23788.18	164.55	2338
81429014	0.00	9828.00	0	0	0	0.00	0
81434229	0.00	9828.00	0	0	0	0.00	0
81442836	27622.07	32989.66	3585	2	7969.68	22.20	898
81446553	0.00	9828.00	0	0	0	0.00	0
81450488	25657.32	16063.73	3330	2	25.08	16.95	2
81454337	0.00	14017.93	0	0	1662.41	10.40	145
81460469	0.00	9828.00	0	0	0	0.00	0
81465707	17413.07	25037.13	2260	2	3677.76	27.24	781
81466919	38678.60	53991.33	5020	4	3843.83	77.48	1728
81476600	0.00	9828.00	0	0	0	0.00	0
81485506	11095.06	37446.18	1440	2	82.11	17.77	1272
81489568	158928.97	102820.30	20627	8	32704.73	166.12	1382
81495691	0.00	9828.00	0	0	0	0.00	0
81498924	19108.15	36334.13	2480	2	11550.84	28.12	1153
81500068	121275.13	171372.25	15740	14	18054.41	215.23	2499
81500085	0.00	9828.00	0	0	0	0.00	0
81500549	9322.93	19641.79	1210	4	2150.60	30.90	1084
81504162	24879.12	37136.47	3229	8	276.40	143.69	424
81506008	0.00	9828.00	0	0	0	0.00	0
81514583	65067.88	56324.26	8445	11	10808.86	128.13	1442
81520298	47963.00	85448.44	6225	16	6799.68	356.97	1494
81521324	28538.95	57222.39	3704	10	4442.77	140.77	1210
81521353	96758.13	125773.98	12558	16	214.84	330.03	1112
81530769	68065.09	107465.76	8834	12	11391.37	207.02	1869
81532458	0.00	9828.00	0	0	0	0.00	0
81537473	0.00	9828.00	0	0	0	0.00	0
81540674	14639.31	15011.78	1900	2	22.78	23.64	2
81543889	89407.66	93837.11	11604	15	168.92	301.05	788
81544992	0.00	12960.92	0	1	5.43	20.37	218
81547016	123494.14	165652.26	16028	14	16065.91	241.11	2107
81556798	182922.03	162076.30	23741	16	681.38	274.54	1359
81562085	12713.09	29152.79	1650	4	5773.32	58.86	1673
81569600	0.00	13359.40	0	0	2662.00	1.78	501
81571648	41876.13	35505.63	5435	6	4204.22	93.64	355
81574889	88205.70	88540.14	11448	6	19064.77	88.23	2341
81582775	113855.31	177770.89	14777	20	4795.32	400.42	1243
81585806	137547.87	185714.67	17852	13	7105.14	318.56	1447
81587100	147464.08	127698.58	19139	10	23293.69	190.21	1524
81590450	6549.17	17948.05	850	2	23.36	37.47	53
81595692	0.00	9828.00	0	0	0	0.00	0
81597018	0.00	9828.00	0	0	0	0.00	0
81601453	47138.58	64328.23	6118	6	16885.45	102.96	1225
81607227	7527.69	22436.70	977	1	9568.50	6.02	1137
81611212	174824.18	105740.95	22690	17	10982.26	194.78	588
81619651	180448.76	155193.34	23420	19	12717.49	231.01	1207
81620832	0.00	9828.00	0	0	0	0.00	0
81628009	79776.53	61334.21	10354	6	16527.49	82.48	798
81630373	136669.52	106200.80	17738	14	3655.22	205.51	833
81638922	96473.05	61422.53	12521	12	482.57	166.27	36
81640727	0.00	9828.00	0	0	0	0.00	0
81642632	12250.79	27984.40	1590	2	11706.49	20.16	931
81644701	0.00	9828.00	0	0	0	0.00	0
81650890	133502.80	131168.51	17327	14	12361.27	118.48	1501
81652500	0.00	9828.00	0	0	0	0.00	0
81653101	121953.16	83003.39	15828	21	1526.09	271.39	126
81659278	0.00	9828.00	0	0	0	0.00	0
81669277	71385.90	72022.29	9265	14	17568.45	156.27	1698
81673172	86140.78	77917.78	11180	21	5285.38	244.43	694
81676227	85177.67	65867.08	11055	11	4929.40	165.70	312
81680771	254045.96	194844.67	32972	17	379.38	323.63	553
81685770	9153.42	36350.78	1188	2	17651.29	32.94	2179
81688644	267005.60	146136.80	34654	17	369.04	217.58	518
81697643	108546.63	88519.96	14088	14	18528.64	145.22	1466
81700227	180980.40	126390.29	23489	24	8097.76	246.93	466
81702003	0.00	9828.00	0	0	0	0.00	0
81706657	0.00	9828.00	0	0	0	0.00	0
81710580	168236.49	140783.53	21835	22	10131.45	174.81	1054
81711305	0.00	9828.00	0	0	0	0.00	0
81716322	57725.11	59820.43	7492	6	17898.58	34.14	1058
81721823	241625.66	131398.31	31360	16	336.76	224.96	16


## -- Service Statistics -- ##
MMSI	ServiceID	TimeElapsed	TimeWaited	FuelReceived
78414964	BSV0000350	289	1	920
64116330	BSV0000394	522	321	820
72923158	BSV0000189	2701	2335	2870
76573002	BSV0000320	1281	1075	1130
71434160	BSV0000275	1547	1210	1070
75888462	BSV0000373	570	421	560
72272201	BSV0000236	2175	1743	4070
65205615	BSV0000094	4301	4111	1880
78621922	BSV0000190	3273	3002	2020
68545745	BSV0000300	1447	1314	790
71022451	BSV0000121	4472	4339	980
65928790	BSV0000403	695	1	3640
71918964	BSV0000358	910	677	1200
88106524	BSV0000250	2506	2268	1470
59196521	BSV0000278	2292	1822	2490
66612788	BSV0000433	302	54	570
87425766	BSV0000311	2007	1475	3820
57903592	BSV0000325	1669	1508	410
80156255	BSV0000348	1898	1246	4200
84131722	BSV0000208	3361	3219	440
88979530	BSV0000065	4845	4734	930
59505262	BSV0000409	351	1	1190
69194041	BSV0000344	1518	816	4630
58749707	BSV0000185	3729	3620	630
67770099	BSV0000487	326	1	1630
62364041	BSV0000196	3792	3559	1030
58679325	BSV0000420	375	91	680
81147633	BSV0000310	2471	2285	1130
68431820	BSV0000224	3614	3462	550
85152070	BSV0000463	263	1	1590
56479562	BSV0000235	3277	3102	1560
59979879	BSV0000098	5042	4697	1740
83932289	BSV0000440	817	686	620
63214915	BSV0000386	1822	1704	420
84487797	BSV0000471	866	721	440
64411123	BSV0000359	2085	1890	750
70582342	BSV0000202	4229	3796	3760
62818247	BSV0000470	253	79	740
63240432	BSV0000279	3178	2648	4090
71977209	BSV0000242	3477	3339	760
