## -- Bunker Barge Statistics -- ##
MMSI	GrossProfit	OperCost	FuelDelivered	DriftTime	DriftCost	Distance	TIdleTime
81287376	5316.38	16603.99	690	2	5283.20	15.87	515
81289745	0.00	6552.00	0	0	0	0.00	0
81297090	0.00	6552.00	0	0	0	0.00	0
81298298	31751.89	16351.56	4121	1	6.65	41.15	1
81306632	0.00	6552.00	0	0	0	0.00	0
81308415	0.00	6552.00	0	0	0	0.00	0
81314359	60683.79	63295.00	7876	10	14789.04	88.34	818
81322936	0.00	6552.00	0	0	0	0.00	0
81323607	0.00	6552.00	0	0	0	0.00	0
81327567	0.00	6552.00	0	0	0	0.00	0
81336520	14007.51	31333.17	1818	0	21036.08	2.89	935
81344194	89877.66	54520.64	11665	6	123.08	84.77	6
81347364	83043.41	51749.27	10778	4	10077.70	66.83	386
81354716	0.00	6552.00	0	0	0	0.00	0
81357025	0.00	6552.00	0	0	0	0.00	0
81362184	0.00	6552.00	0	0	0	0.00	0
81368505	0.00	6552.00	0	0	0	0.00	0
81369174	0.00	6552.00	0	0	0	0.00	0
81375658	0.00	6552.00	0	0	0	0.00	0
81377126	0.00	6552.00	0	0	0	0.00	0
81377761	14007.51	27907.85	1818	0	18311.77	1.85	938
81386346	0.00	6552.00	0	0	0	0.00	0
81393955	0.00	6552.00	0	0	0	0.00	0
81395145	0.00	6552.00	0	0	0	0.00	0
81399088	17490.12	23417.69	2270	4	5028.85	34.62	451
81400913	0.00	6552.00	0	0	0	0.00	0
81403938	75662.12	52666.17	9820	10	3954.67	82.38	294
81411062	0.00	6552.00	0	0	0	0.00	0
81412938	81903.09	83940.57	10630	10	17165.69	121.52	764
81422633	57871.50	70138.80	7511	4	21121.88	72.45	847
81429014	0.00	6552.00	0	0	0	0.00	0
81434229	0.00	6552.00	0	0	0	0.00	0
81442836	0.00	6552.00	0	0	0	0.00	0
81446553	0.00	6552.00	0	0	0	0.00	0
81450488	25657.32	12787.73	3330	2	25.08	16.95	2
81454337	0.00	6552.00	0	0	0	0.00	0
81460469	0.00	6552.00	0	0	0	0.00	0
81465707	0.00	6552.00	0	0	0	0.00	0
81466919	23422.90	11967.96	3040	1	5.05	27.72	1
81476600	0.00	6552.00	0	0	0	0.00	0
81485506	0.00	6552.00	0	0	0	0.00	0
81489568	41891.54	53697.22	5437	3	32632.13	27.87	1371
81495691	0.00	6552.00	0	0	0	0.00	0
81498924	0.00	6552.00	0	0	0	0.00	0
81500068	85601.44	103186.26	11110	10	17969.47	161.96	889
81500085	0.00	6552.00	0	0	0	0.00	0
81500549	0.00	6552.00	0	0	0	0.00	0
81504162	15710.29	27794.15	2039	6	43.22	134.83	6
81506008	0.00	6552.00	0	0	0	0.00	0
81514583	20032.74	34245.26	2600	5	10760.94	71.05	983
81520298	25541.74	47317.76	3315	8	6734.44	189.95	862
81521324	3698.35	12477.99	480	0	4336.59	2.37	528
81521353	73335.24	58186.83	9518	10	126.59	174.70	24
81530769	31312.71	41752.57	4064	4	11261.82	74.27	954
81532458	0.00	6552.00	0	0	0	0.00	0
81537473	0.00	6552.00	0	0	0	0.00	0
81540674	14639.31	11735.78	1900	2	22.78	23.64	2
81543889	55544.62	56086.55	7209	8	87.66	203.15	8
81544992	0.00	6552.00	0	0	0	0.00	0
81547016	97621.08	89687.97	12670	8	15946.94	143.48	699
81556798	127138.55	96114.38	16501	12	607.47	205.71	60
81562085	0.00	7919.94	0	0	586.77	4.39	92
81569600	0.00	6552.00	0	0	0	0.00	0
81571648	41876.13	30264.67	5435	5	4192.23	90.27	351
81574889	51299.22	42339.99	6658	2	19007.42	39.22	991
81582775	69498.20	128344.47	9020	14	4702.96	323.43	235
81585806	104879.10	104459.48	13612	8	6991.16	214.99	277
81587100	70838.85	57960.42	9194	5	23204.10	64.77	992
81590450	6549.17	13313.24	850	2	23.36	37.47	7
81595692	0.00	6552.00	0	0	0	0.00	0
81597018	0.00	6552.00	0	0	0	0.00	0
81601453	13583.74	33861.83	1763	4	6442.71	58.38	685
81607227	0.00	6552.00	0	0	0	0.00	0
81611212	98607.31	56649.42	12798	8	10835.56	92.23	579
81619651	100240.75	100897.57	13010	13	12605.44	160.17	536
81620832	0.00	6552.00	0	0	0	0.00	0
81628009	18237.50	19705.92	2367	2	421.37	37.63	21
81630373	68303.94	66582.35	8865	10	3592.69	153.81	184
81638922	48248.08	25523.60	6262	4	391.70	60.76	28
81640727	0.00	6552.00	0	0	0	0.00	0
81642632	0.00	6552.00	0	0	0	0.00	0
81644701	0.00	6552.00	0	0	0	0.00	0
81650890	71740.32	57085.08	9311	6	12158.40	60.76	446
81652500	0.00	6552.00	0	0	0	0.00	0
81653101	73319.83	51753.28	9516	12	1442.27	156.98	117
81659278	0.00	6552.00	0	0	0	0.00	0
81669277	34271.40	42395.34	4448	6	12074.71	85.93	1251
81673172	36829.42	49980.74	4780	12	5204.61	150.81	685
81676227	32437.63	25672.05	4210	4	45.55	63.92	4
81680771	142062.95	125331.47	18438	12	287.72	213.80	12
81685770	0.00	8277.62	0	0	714.29	5.51	95
81688644	182875.80	70450.10	23735	8	162.33	111.07	28
81697643	38647.78	45487.08	5016	4	18387.64	51.15	1456
81700227	113755.14	63562.27	14764	11	7867.45	121.99	453
81702003	0.00	6552.00	0	0	0	0.00	0
81706657	0.00	6552.00	0	0	0	0.00	0
81710580	128232.65	69834.82	16643	12	9924.98	82.20	425
81711305	0.00	6552.00	0	0	0	0.00	0
81716322	22282.57	30320.73	2892	2	16008.32	8.64	648
81721823	109640.73	95969.80	14230	10	226.18	168.01	10


## -- Service Statistics -- ##
MMSI	ServiceID	TimeElapsed	TimeWaited	FuelReceived
70272333	BSV0000033	2049	1819	2360
82830885	BSV0000012	2098	1599	3960
69864128	BSV0000187	604	339	1770
74927747	BSV0000102	960	770	810
57042625	BSV0000030	2230	2003	1020
65551326	BSV0000071	1178	957	1400
62096830	BSV0000139	1076	944	780
75005035	BSV0000077	1886	1705	1530
63391908	BSV0000153	430	1	3630
70513299	BSV0000093	1235	754	2220
75955645	BSV0000061	2120	1963	1040
69376051	BSV0000105	1343	787	6180
70547258	BSV0000194	667	462	920
85346772	BSV0000142	1047	872	720
76871186	BSV0000159	564	1	6050
65083914	BSV0000217	155	1	770
80137159	BSV0000169	619	1	7790
66262033	BSV0000040	2559	2061	3900
64615523	BSV0000058	1696	855	6310
78232708	BSV0000038	2483	1705	7850
59399951	BSV0000176	416	1	1800
66634782	BSV0000173	382	1	1600
69628188	BSV0000120	1863	1668	1460
86274908	BSV0000035	2471	2033	4830
81759031	BSV0000201	817	439	1910
79723706	BSV0000067	2353	2086	1280
74773911	BSV0000112	1463	1289	1080
66639606	BSV0000181	1200	873	1700
61973473	BSV0000046	2226	2110	600
65258746	BSV0000082	1607	654	7300
63214924	BSV0000207	411	1	2880
88312176	BSV0000066	1946	1722	1020
64195222	BSV0000087	2111	1971	630
75167004	BSV0000147	750	519	1380
68378164	BSV0000106	1744	1486	1020
56779681	BSV0000167	1052	1	10840
59462793	BSV0000118	1858	1063	6940
70628249	BSV0000254	202	5	850
87085605	BSV0000092	1804	1689	620
68566688	BSV0000097	2082	1714	2980
81905853	BSV0000133	1290	992	970
57532570	BSV0000078	1980	1841	670
57514065	BSV0000157	1515	1424	350
60538834	BSV0000081	2313	2168	810
81920415	BSV0000090	1636	1215	2170
65200377	BSV0000063	2505	2292	1370
73673190	BSV0000191	1518	1306	800
79432086	BSV0000248	726	605	370
64635864	BSV0000249	788	203	3360
60989607	BSV0000253	873	674	670
88752965	BSV0000126	1998	1814	1280
83666396	BSV0000251	507	40	2860
83588828	BSV0000108	1764	1623	580
56973772	BSV0000136	1462	1353	540
61871886	BSV0000091	2701	2054	5240
61938462	BSV0000057	3050	2681	3200
61820021	BSV0000281	597	34	3040
62610647	BSV0000089	2115	1772	2910
