## -- Bunker Barge Statistics -- ##
MMSI	GrossProfit	OperCost	FuelDelivered	DriftTime	DriftCost	Distance	TIdleTime
81287376	0.00	14742.00	0	0	0	0.00	0
81289745	0.00	14742.00	0	0	0	0.00	0
81297090	60599.04	306160.17	7865	7	136.75	95.88	10711
81298298	79938.34	333378.53	10375	8	155.96	194.52	10213
81306632	25734.37	91153.89	3340	6	5293.60	119.20	7998
81308415	26890.10	150181.90	3490	6	59.24	110.54	8733
81314359	56977.74	240118.11	7395	10	151.86	90.15	10396
81322936	33570.25	152197.48	4357	8	74.65	72.85	10651
81323607	5493.59	59679.37	713	2	2867.84	16.41	3253
81327567	0.00	14742.00	0	0	0	0.00	0
81336520	104147.13	336246.84	13517	6	123.19	111.68	9812
81344194	321710.39	274756.23	41754	34	4534.62	341.59	1879
81347364	38986.79	361827.20	5060	4	95.01	30.50	11705
81354716	38871.22	136694.83	5045	7	51.59	133.12	10602
81357025	35542.70	231735.83	4613	6	88.39	68.44	11190
81362184	9014.73	106237.15	1170	3	2705.11	21.04	9716
81368505	47816.61	355313.85	6206	10	8232.04	68.55	10932
81369174	16950.78	218516.18	2200	6	4740.13	124.27	9700
81375658	10324.57	378470.45	1340	5	128.28	77.45	12071
81377126	29817.96	171322.47	3870	6	54.07	90.49	11033
81377761	43316.95	308532.07	5622	4	77.75	35.79	11520
81386346	8475.39	62344.62	1100	4	16.70	51.18	8280
81393955	34132.71	282486.62	4430	6	108.50	86.10	11379
81395145	0.00	14742.00	0	0	0	0.00	0
81399088	37638.44	167701.09	4885	6	60.03	69.48	10708
81400913	19763.07	192261.57	2565	6	94.60	48.68	8300
81403938	46460.55	288698.12	6030	6	113.06	53.99	11214
81411062	0.00	14742.00	0	0	0	0.00	0
81412938	47038.41	304842.61	6105	6	117.69	70.78	11199
81422633	117831.04	381602.72	15293	5	105.48	108.99	10173
81429014	63989.19	335009.63	8305	7	1179.63	123.93	10702
81434229	12705.38	93560.10	1649	7	2208.54	102.38	10528
81442836	23114.70	218555.66	3000	4	55.18	41.77	11643
81446553	41059.41	322703.76	5329	8	4529.96	54.90	11047
81450488	52894.14	82260.99	6865	3	31.90	23.23	3264
81454337	28708.46	373933.42	3726	9	209.40	189.94	10979
81460469	3428.68	21403.69	445	2	12.33	16.40	446
81465707	35735.33	148407.53	4638	4	34.55	58.51	10739
81466919	34178.94	200748.22	4436	5	58.16	96.17	11094
81476600	61600.68	279963.18	7995	5	11200.45	130.30	9914
81485506	63149.36	214640.53	8196	5	62.72	46.61	10276
81489568	26712.89	332329.47	3467	2	41.63	67.52	11989
81495691	28893.38	162011.08	3750	6	9872.08	72.65	9772
81498924	27937.97	300936.28	3626	4	75.92	79.96	11671
81500068	27198.30	333811.57	3530	3	63.53	51.17	11784
81500085	0.00	14742.00	0	0	0	0.00	0
81500549	0.00	14742.00	0	0	0	0.00	0
81504162	4854.09	124557.93	630	3	23.45	20.13	12291
81506008	0.00	14742.00	0	0	0	0.00	0
81514583	19108.15	153449.69	2480	4	36.28	36.49	11722
81520298	10555.71	137293.65	1370	4	32.88	65.33	11856
81521324	18106.52	170449.86	2350	4	41.39	41.67	11872
81521353	38293.35	220311.50	4970	4	49.83	94.15	11032
81530769	31320.42	241554.89	4065	4	54.53	49.11	11673
81532458	0.00	14742.00	0	0	0	0.00	0
81537473	0.00	14742.00	0	0	0	0.00	0
81540674	0.00	14742.00	0	0	0	0.00	0
81543889	21766.34	197885.69	2825	6	73.12	110.42	11256
81544992	19924.87	75409.48	2586	6	84.39	43.18	9846
81547016	108870.24	285202.56	14130	7	109.49	95.97	9882
81556798	80739.65	307142.77	10479	6	11229.88	68.27	10789
81562085	19100.45	98147.38	2479	8	41.45	124.56	10613
81569600	30781.08	146542.58	3995	6	47.89	130.02	10844
81571648	0.00	14742.00	0	0	0	0.00	0
81574889	65884.60	263793.67	8551	6	93.97	117.06	10326
81582775	30634.68	295544.93	3976	6	108.79	148.68	11189
81585806	63449.85	330281.27	8235	6	112.72	97.28	10740
81587100	66146.57	311650.12	8585	6	111.05	30.39	11004
81590450	0.00	14742.00	0	0	0	0.00	0
81595692	0.00	14742.00	0	0	0	0.00	0
81597018	0.00	14742.00	0	0	0	0.00	0
81601453	335548.39	215229.53	43550	36	564.07	520.46	36
81607227	292123.58	190870.71	37914	34	12370.09	455.76	718
81611212	359818.83	175113.76	46700	35	524.23	374.85	35
81619651	198555.27	305601.37	25770	19	369.57	278.47	6508
81620832	228172.91	181375.89	29614	27	15296.60	339.26	3476
81628009	301654.54	200906.89	39151	34	6072.41	399.71	299
81630373	81864.56	243739.36	10625	8	125.46	83.30	9665
81638922	158150.78	183262.82	20526	29	345.84	344.26	4230
81640727	160038.48	177892.46	20771	29	21283.42	369.82	2927
81642632	210921.64	227633.60	27375	25	815.62	313.96	4493
81644701	0.00	14742.00	0	0	0	0.00	0
81650890	121660.37	366900.52	15790	9	206.60	101.81	10025
81652500	0.00	14742.00	0	0	0	0.00	0
81653101	137239.68	175963.27	17812	27	279.69	382.39	4903
81659278	0.00	14742.00	0	0	0	0.00	0
81669277	211160.49	127211.79	27406	31	15452.08	354.12	1259
81673172	155723.73	129229.83	20211	34	5106.31	464.26	464
81676227	92150.60	215936.63	11960	18	250.56	190.81	8135
81680771	235577.32	320997.10	30575	16	329.09	173.53	7369
81685770	111143.18	85974.60	14425	25	11279.08	272.68	1268
81688644	288648.67	393570.06	37463	32	803.17	427.21	3985
81697643	231670.93	204727.37	30068	24	3701.26	261.60	4494
81700227	348523.45	251100.12	45234	34	581.86	461.66	1581
81702003	0.00	14742.00	0	0	0	0.00	0
81706657	0.00	14742.00	0	0	0	0.00	0
81710580	18645.86	302167.21	2420	5	110.14	31.13	11816
81711305	0.00	14742.00	0	0	0	0.00	0
81716322	97967.80	290167.82	12715	6	22590.44	38.73	10163
81721823	411711.33	304608.97	53435	36	830.75	414.33	1879


## -- Service Statistics -- ##
MMSI	ServiceID	TimeElapsed	TimeWaited	FuelReceived
67312925	BSV0000767	9827	8083	10220
63256721	BSV0000364	15217	14985	1710
68370746	BSV0000790	9396	9129	1510
73381240	BSV0000591	12483	12180	1240
68449411	BSV0001261	3043	2884	670
70271740	BSV0000346	15296	14845	4190
82701131	BSV0000840	8541	8364	770
75875853	BSV0000302	15586	14480	8720
66183447	BSV0000688	11248	10963	1810
78882149	BSV0001210	3665	3405	1460
81987979	BSV0000833	9574	9390	790
68082688	BSV0000986	7140	6797	2050
56868775	BSV0000347	15363	15130	1490
62055328	BSV0001440	745	258	1740
83711969	BSV0000425	14009	13884	650
80329673	BSV0000880	8040	7889	780
63537446	BSV0000883	8253	8009	520
76205336	BSV0001106	6008	5586	2160
69728846	BSV0000952	7908	7734	880
78347799	BSV0000924	8458	8195	1810
61711075	BSV0000381	15627	15481	740
76379466	BSV0000917	8578	8278	1750
61035200	BSV0001238	4307	4089	1160
79390624	BSV0000912	8803	8651	710
86322443	BSV0000966	8300	8180	590
74056519	BSV0001268	3636	3257	2270
73967176	BSV0000870	9049	8703	1780
75887812	BSV0000715	11060	10773	690
72317022	BSV0000498	15011	14640	1870
88078353	BSV0000426	14721	14125	6560
70487770	BSV0001132	5716	5344	1970
77364407	BSV0000875	9025	8660	2180
63863480	BSV0001326	2830	2591	1060
61629258	BSV0000987	8567	8374	800
57129528	BSV0001486	1535	1348	910
