## -- Bunker Barge Statistics -- ##
MMSI	GrossProfit	OperCost	FuelDelivered	DriftTime	DriftCost	Distance	TIdleTime
81287376	0.00	18018.00	0	0	0	0.00	0
81289745	0.00	18018.00	0	0	0	0.00	0
81297090	101319.43	358006.61	13150	9	166.53	99.21	12620
81298298	97274.36	400246.90	12625	10	196.00	208.52	12549
81306632	36713.85	115313.49	4765	8	5299.72	166.23	10026
81308415	31590.09	190219.99	4100	8	82.76	126.62	11207
81314359	56977.74	295569.08	7395	10	151.86	90.63	13208
81322936	33570.25	187907.60	4357	9	85.64	78.63	13387
81323607	5493.59	62955.37	713	2	2867.84	16.41	3253
81327567	0.00	18018.00	0	0	0	0.00	0
81336520	137848.37	408717.64	17891	6	123.19	120.41	12075
81344194	350210.82	348560.30	45453	34	4534.62	355.75	4208
81347364	66023.29	445002.26	8569	4	95.01	55.07	14097
81354716	38871.22	151266.98	5045	8	61.16	138.17	13142
81357025	48648.74	281809.77	6314	6	88.39	75.44	13707
81362184	14685.54	134024.47	1906	3	2705.11	26.29	12297
81368505	47816.61	438527.27	6206	10	8232.04	68.89	13752
81369174	16950.78	277884.67	2200	6	4740.13	149.73	12402
81375658	10324.57	464541.65	1340	5	128.28	96.26	14833
81377126	29817.96	211290.85	3870	6	54.07	91.05	13854
81377761	43316.95	380171.65	5622	4	77.75	35.79	14395
81386346	8475.39	80068.59	1100	4	16.70	51.18	11160
81393955	34132.71	344347.39	4430	6	108.50	86.10	14259
81395145	0.00	18018.00	0	0	0	0.00	0
81399088	37638.44	206964.88	4885	6	60.03	69.48	13588
81400913	19763.07	250730.58	2565	6	94.60	48.68	11180
81403938	46460.55	355095.91	6030	6	113.06	53.99	14094
81411062	0.00	18018.00	0	0	0	0.00	0
81412938	47038.41	373574.98	6105	6	117.69	70.78	14079
81422633	117831.04	472519.63	15293	6	135.93	111.62	12989
81429014	63989.19	408066.16	8305	8	1204.42	126.34	13440
81434229	12705.38	114631.78	1649	7	2208.54	102.38	13408
81442836	23114.70	268170.89	3000	4	55.18	41.77	14523
81446553	41059.41	398968.45	5329	8	4529.96	54.90	13927
81450488	52894.14	132755.99	6865	4	49.54	28.72	5839
81454337	28708.46	447863.54	3726	9	209.40	189.94	13859
81460469	3428.68	24679.69	445	2	12.33	16.40	446
81465707	38971.38	180527.56	5058	6	50.33	76.57	13111
81466919	34178.94	245138.89	4436	6	72.51	99.14	13876
81476600	61600.68	349381.42	7995	7	11237.80	157.64	12527
81485506	63149.36	268465.33	8196	6	80.28	49.24	13075
81489568	51160.54	394603.12	6640	4	74.94	92.78	14208
81495691	34363.85	201609.64	4460	8	9894.26	84.49	12289
81498924	34633.53	367116.92	4495	6	115.37	99.00	14241
81500068	63796.57	395737.75	8280	7	148.11	79.73	13563
81500085	0.00	18018.00	0	0	0	0.00	0
81500549	0.00	18018.00	0	0	0	0.00	0
81504162	8398.34	152172.95	1090	5	38.96	33.19	14817
81506008	0.00	18018.00	0	0	0	0.00	0
81514583	23962.24	188419.65	3110	6	56.28	52.90	14165
81520298	18183.56	168573.15	2360	6	48.39	110.14	14027
81521324	31975.34	207454.45	4150	6	60.17	76.68	13982
81521353	57170.36	262077.94	7420	6	74.85	102.64	13102
81530769	41567.94	301786.10	5395	6	86.50	96.55	13965
81532458	0.00	18018.00	0	0	0	0.00	0
81537473	0.00	18018.00	0	0	0	0.00	0
81540674	5932.77	27754.63	770	2	32.15	9.81	278
81543889	31705.66	237304.09	4115	7	82.81	124.48	13482
81544992	30056.81	94921.56	3901	9	96.66	101.03	11587
81547016	118886.61	366302.06	15430	8	128.87	148.51	12233
81556798	168390.59	371429.43	21855	10	11301.09	175.56	11497
81562085	23954.53	119586.75	3109	8	41.45	135.43	13075
81569600	49388.41	178217.76	6410	8	62.91	182.57	12631
81571648	0.00	18018.00	0	0	0	0.00	0
81574889	74205.89	329126.05	9631	9	150.73	155.06	12532
81582775	66192.80	353533.61	8591	8	134.99	220.74	12691
81585806	131907.89	388493.26	17120	10	187.10	158.97	11544
81587100	81402.27	383251.28	10565	9	180.06	55.55	13249
81590450	0.00	18018.00	0	0	0	0.00	0
81595692	0.00	18018.00	0	0	0	0.00	0
81597018	0.00	18018.00	0	0	0	0.00	0
81601453	368949.14	261908.01	47885	40	620.31	556.79	1559
81607227	325732.35	236352.19	42276	39	12444.25	558.18	1622
81611212	375760.27	232938.10	48769	40	602.09	431.89	1743
81619651	240855.17	367048.68	31260	21	399.97	332.13	8217
81620832	281043.93	218576.04	36476	30	15323.92	382.44	4602
81628009	372739.95	239745.55	48377	41	6189.47	491.92	306
81630373	108538.93	292742.55	14087	10	154.36	101.70	11539
81638922	164699.94	221198.46	21376	32	386.65	389.69	6258
81640727	183076.13	234355.44	23761	38	21409.86	490.89	3829
81642632	272052.31	267855.80	35309	27	840.76	342.12	5798
81644701	0.00	18018.00	0	0	0	0.00	0
81650890	121660.37	453458.52	15790	9	206.60	102.29	12839
81652500	0.00	18018.00	0	0	0	0.00	0
81653101	183823.50	210884.59	23858	32	8588.77	488.04	5568
81659278	0.00	18018.00	0	0	0	0.00	0
81669277	264170.20	159492.39	34286	40	15537.90	470.82	1268
81673172	184031.54	163737.14	23885	42	13897.41	540.53	1253
81676227	126768.72	259274.61	16453	21	284.67	241.89	9554
81680771	275581.16	409310.65	35767	20	426.20	239.94	9104
81685770	119926.77	99037.86	15565	28	12758.32	310.89	1434
81688644	343022.15	468032.91	44520	38	932.55	488.60	5322
81697643	279826.56	242928.51	36318	28	3754.39	335.66	5486
81700227	391670.89	309790.50	50834	36	609.60	509.05	3237
81702003	0.00	18018.00	0	0	0	0.00	0
81706657	0.00	18018.00	0	0	0	0.00	0
81710580	50544.14	359943.38	6560	7	144.49	46.31	13760
81711305	0.00	18018.00	0	0	0	0.00	0
81716322	107675.98	364255.74	13975	8	22636.05	53.00	12658
81721823	457478.44	371074.74	59375	38	868.07	432.21	3771


## -- Service Statistics -- ##
MMSI	ServiceID	TimeElapsed	TimeWaited	FuelReceived
73551878	BSV0000174	20785	19543	11890
82985910	BSV0001680	335	167	680
62320697	BSV0001175	7299	6815	3470
70845097	BSV0000379	17429	17307	860
87719581	BSV0001547	2486	2304	860
80190373	BSV0001022	9684	8508	7080
56229905	BSV0001433	4296	4100	850
80880497	BSV0001252	6294	5755	3370
59957307	BSV0000755	13453	13292	1260
56875696	BSV0000479	17642	17382	2250
69162144	BSV0000327	19016	18503	4140
80496148	BSV0000476	17338	15737	12580
87718818	BSV0001187	7484	7305	610
83291469	BSV0001699	361	26	1140
86454728	BSV0000999	10610	10064	3530
64644948	BSV0001727	182	19	770
62472623	BSV0000629	15184	14629	5940
71960426	BSV0000206	20861	19946	7280
76183804	BSV0001264	6570	6409	810
88856597	BSV0001030	10605	10291	1290
75245525	BSV0001052	9362	9095	630
56684275	BSV0001062	9568	9353	1160
58058721	BSV0001153	9016	8660	1740
77032727	BSV0000329	19651	19468	1300
