## -- Bunker Barge Statistics -- ##
MMSI	GrossProfit	OperCost	FuelDelivered	DriftTime	DriftCost	Distance	TIdleTime
81287376	12173.74	88749.07	1580	4	36.22	17.68	5184
81289745	0.00	29484.00	0	0	0	0.00	0
81297090	165038.96	589888.95	21420	15	279.07	180.19	20581
81298298	207993.78	632936.11	26995	18	339.74	344.61	19522
81306632	54974.46	201971.88	7135	14	5336.97	262.08	18296
81308415	58249.04	334878.03	7560	16	173.74	248.36	19225
81314359	119849.72	470580.71	15555	16	235.55	139.67	21017
81322936	55143.97	306232.01	7157	15	143.06	118.90	21905
81323607	5493.59	74421.37	713	2	2867.84	16.41	3253
81327567	0.00	29484.00	0	0	0	0.00	0
81336520	227086.52	649019.70	29473	14	293.77	171.79	19167
81344194	592830.42	554259.10	76942	53	4938.04	587.48	6537
81347364	130775.27	746891.57	16973	12	279.55	231.10	21691
81354716	59289.21	259173.84	7695	14	109.04	210.72	21631
81357025	125412.66	438225.53	16277	16	218.08	171.04	20467
81362184	38370.40	228517.36	4980	11	2763.81	75.00	20308
81368505	71632.46	731963.20	9297	16	8389.15	111.11	22748
81369174	78435.88	467640.77	10180	14	4855.33	330.07	19530
81375658	172312.38	700906.54	22364	13	275.77	238.11	21151
81377126	83752.26	338090.31	10870	14	134.46	159.04	21264
81377761	137686.56	609352.74	17870	12	230.19	148.85	21325
81386346	13945.87	100624.05	1810	6	24.56	69.18	12428
81393955	66570.34	555169.98	8640	12	217.67	124.80	22957
81395145	0.00	29484.00	0	0	0	0.00	0
81399088	85447.34	332605.17	11090	12	118.81	142.76	21088
81400913	57478.55	453352.15	7460	10	156.29	124.73	19623
81403938	120735.78	566580.76	15670	12	215.07	124.09	21761
81411062	0.00	29484.00	0	0	0	0.00	0
81412938	94423.55	609093.80	12255	12	235.25	139.22	22425
81422633	276921.81	758886.91	35941	15	346.83	275.25	19121
81429014	147163.59	641800.88	19100	13	1295.37	171.27	21409
81434229	30888.94	187335.64	4009	13	2238.39	179.40	21484
81442836	57478.55	432946.07	7460	10	138.08	92.65	22763
81446553	115180.55	641041.59	14949	14	4652.59	93.70	21995
81450488	234806.83	280154.39	30475	27	22908.18	290.28	7877
81454337	35103.52	710383.25	4556	14	329.52	240.66	23186
81460469	3428.68	36145.69	445	2	12.33	16.40	446
81465707	80208.01	291704.33	10410	11	88.79	167.10	20390
81466919	74321.47	398097.62	9646	12	142.65	202.07	21790
81476600	162149.62	570794.59	21045	12	11308.08	307.32	19837
81485506	93861.09	449283.26	12182	12	173.44	99.29	21426
81489568	113439.24	654422.47	14723	10	193.10	234.81	22162
81495691	50351.52	351702.45	6535	14	9967.29	163.19	20995
81498924	94354.21	582269.66	12246	11	199.26	164.98	22333
81500068	82673.58	657183.19	10730	11	239.73	119.71	22658
81500085	0.00	29484.00	0	0	0	0.00	0
81500549	0.00	29484.00	0	0	0	0.00	0
81504162	22960.60	247736.05	2980	10	75.46	79.43	23509
81506008	0.00	29484.00	0	0	0	0.00	0
81514583	58249.04	302883.91	7560	11	97.50	97.83	22343
81520298	43686.78	278603.63	5670	10	80.91	233.44	22230
81521324	68527.38	338335.04	8894	11	106.38	162.14	22117
81521353	96927.64	437412.09	12580	12	156.62	224.22	20937
81530769	88999.30	482807.68	11551	10	139.74	122.84	22555
81532458	0.00	29484.00	0	0	0	0.00	0
81537473	0.00	29484.00	0	0	0	0.00	0
81540674	20186.84	106491.79	2620	6	16830.33	27.19	3521
81543889	61677.72	378393.36	8005	13	152.67	179.33	21720
81544992	34063.36	162514.91	4421	14	122.22	140.60	20780
81547016	193993.97	595206.66	25178	13	224.67	206.58	20223
81556798	232318.14	616357.07	30152	18	11457.86	267.09	19382
81562085	38485.98	193538.45	4995	14	74.15	182.91	21495
81569600	71617.05	293703.38	9295	15	121.84	294.73	20800
81571648	0.00	29484.00	0	0	0	0.00	0
81574889	111882.85	545121.58	14521	14	235.87	252.76	20849
81582775	119056.11	574550.54	15452	14	237.35	365.06	20517
81585806	233959.29	642105.28	30365	18	351.60	305.53	18253
81587100	147510.31	637340.90	19145	14	280.80	138.90	21238
81590450	0.00	29484.00	0	0	0	0.00	0
81595692	0.00	29484.00	0	0	0	0.00	0
81597018	0.00	29484.00	0	0	0	0.00	0
81601453	482557.89	451624.26	62630	52	796.99	734.30	7240
81607227	570540.14	373866.24	74049	66	12826.89	907.33	1649
81611212	439479.79	435006.45	57039	52	799.52	573.40	8747
81619651	285004.25	607637.73	36990	24	454.13	383.59	16893
81620832	530983.18	365179.70	68915	62	15743.56	762.15	4634
81628009	511397.33	431429.11	66373	57	6466.54	709.56	4289
81630373	185125.63	480206.25	24027	17	248.39	198.92	18627
81638922	282376.88	366180.35	36649	53	643.77	625.23	9862
81640727	268931.83	380784.07	34904	46	21499.53	594.95	10523
81642632	349378.69	468767.15	45345	41	1067.67	557.02	11671
81644701	0.00	29484.00	0	0	0	0.00	0
81650890	180294.66	742509.93	23400	13	298.95	144.57	21437
81652500	0.00	29484.00	0	0	0	0.00	0
81653101	191605.45	353039.29	24868	37	8648.32	546.28	14723
81659278	0.00	29484.00	0	0	0	0.00	0
81669277	338098.72	301646.91	43881	58	15721.17	746.44	6292
81673172	355642.77	277313.23	46158	77	14211.37	929.53	1288
81676227	184124.00	426496.73	23897	30	409.56	341.51	16960
81680771	355558.02	722304.53	46147	30	676.95	392.11	16552
81685770	213271.63	189643.01	27680	51	19480.71	586.87	3954
81688644	515989.45	718652.97	66969	47	1121.15	583.71	11677
81697643	408359.70	420551.13	53000	45	4010.44	534.54	10280
81700227	533972.68	511980.88	69303	51	868.35	671.72	8641
81702003	0.00	29484.00	0	0	0	0.00	0
81706657	0.00	29484.00	0	0	0	0.00	0
81710580	89453.89	599224.32	11610	13	270.09	89.01	22395
81711305	0.00	29484.00	0	0	0	0.00	0
81716322	175941.39	600462.37	22835	12	22707.87	79.19	21058
81721823	808498.27	608590.88	104933	64	1451.79	797.67	4666


## -- Service Statistics -- ##
MMSI	ServiceID	TimeElapsed	TimeWaited	FuelReceived
67765217	BSV0001159	17871	17230	3620
68585091	BSV0000354	28613	27788	8250
60898644	BSV0000413	27569	26487	8460
77519916	BSV0001967	6212	5928	1380
78815087	BSV0001125	17521	17159	2960
75351049	BSV0000482	26310	26193	660
75385970	BSV0000785	22089	21621	4480
74140477	BSV0000760	22806	22718	440
73424983	BSV0001498	12343	12085	960
66243715	BSV0002083	4848	4651	890
62445545	BSV0001497	12526	12198	1350
64208969	BSV0000626	24938	24509	3990
59720418	BSV0000916	20468	20065	1400
67961722	BSV0001331	15328	14857	3320
86849226	BSV0001469	13148	12925	660
82050053	BSV0002419	167	1	740
82582273	BSV0001521	13017	12448	3620
87516258	BSV0000666	24459	24302	1150
68502082	BSV0000968	20386	20187	1190
85191255	BSV0000853	21714	21503	1600
70982297	BSV0000781	23134	22954	1150
78494448	BSV0001209	17423	17288	510
73608518	BSV0001233	16436	15919	3680
79776710	BSV0001487	12833	12648	950
77929655	BSV0000531	26144	25036	8550
85979288	BSV0001989	6207	5831	1860
82298598	BSV0000415	27734	27538	1310
83836205	BSV0001918	7182	6988	870
73254329	BSV0000485	26950	26795	1250
57602846	BSV0000911	21510	21095	3150
68342794	BSV0002075	5364	5166	1120
86671313	BSV0002280	2492	2298	370
75853395	BSV0000599	25271	24929	2540
57465360	BSV0001501	13595	13455	470
71143342	BSV0001872	8122	7837	1840
79447051	BSV0000763	23402	23298	600
69208981	BSV0002195	4468	4177	1380
68547726	BSV0000956	21017	20706	2680
74182214	BSV0000588	25838	25494	1670
69986701	BSV0000509	26971	26858	560
79898317	BSV0001609	11475	11243	980
67809908	BSV0001564	12748	12135	6390
64076333	BSV0001347	15059	14305	4840
60594727	BSV0001387	14751	14509	1560
63811504	BSV0000964	20901	20526	3890
77474436	BSV0000976	20299	20109	760
75740641	BSV0001769	9939	9803	570
61257499	BSV0001195	17849	17639	570
80293367	BSV0001177	18256	17960	1640
56369869	BSV0002141	5425	5253	980
63667773	BSV0000378	29000	28766	1560
68468787	BSV0001033	19829	19700	390
73666945	BSV0002472	223	12	1110
63438995	BSV0000832	23144	23059	420
72097312	BSV0001735	10214	9903	1840
64110070	BSV0001801	9399	9237	850
83239236	BSV0000786	23269	22710	4930
85337102	BSV0000929	21325	21015	2460
68155265	BSV0001676	11803	11493	1530
75164653	BSV0001335	16148	16020	650
79615071	BSV0001475	14537	14087	1980
58602264	BSV0001170	18300	17993	2050
81211471	BSV0002290	3651	3494	510
78828106	BSV0000431	28609	28207	3320
80944707	BSV0002213	4914	4647	1240
